,Name,count,amount,state,year,quarter
0,Recharge & bill payments,4200,1845307.467,andaman-&-nicobar-islands,2018,1
1,Peer-to-peer payments,1871,12138655.3,andaman-&-nicobar-islands,2018,1
2,Merchant payments,298,452507.1686,andaman-&-nicobar-islands,2018,1
3,Financial Services,33,10601.41993,andaman-&-nicobar-islands,2018,1
4,Others,256,184689.8663,andaman-&-nicobar-islands,2018,1
5,Recharge & bill payments,6735,2320944.731,andaman-&-nicobar-islands,2018,2
6,Peer-to-peer payments,3575,24511925.23,andaman-&-nicobar-islands,2018,2
7,Merchant payments,603,1024491.013,andaman-&-nicobar-islands,2018,2
8,Financial Services,59,121336.0271,andaman-&-nicobar-islands,2018,2
9,Others,368,359838.5054,andaman-&-nicobar-islands,2018,2
10,Recharge & bill payments,8636,4343504.868,andaman-&-nicobar-islands,2018,3
11,Peer-to-peer payments,6448,49270781.54,andaman-&-nicobar-islands,2018,3
12,Merchant payments,945,1627359.839,andaman-&-nicobar-islands,2018,3
13,Financial Services,42,1481.490704,andaman-&-nicobar-islands,2018,3
14,Others,194,314343.3941,andaman-&-nicobar-islands,2018,3
15,Recharge & bill payments,11517,5450549.512,andaman-&-nicobar-islands,2018,4
16,Peer-to-peer payments,10451,81001456.98,andaman-&-nicobar-islands,2018,4
17,Merchant payments,1421,3552027.735,andaman-&-nicobar-islands,2018,4
18,Financial Services,29,76035.78774,andaman-&-nicobar-islands,2018,4
19,Others,340,468266.0607,andaman-&-nicobar-islands,2018,4
20,Recharge & bill payments,15263,6611459.873,andaman-&-nicobar-islands,2019,1
21,Peer-to-peer payments,13119,91808345.87,andaman-&-nicobar-islands,2019,1
22,Merchant payments,1759,3266589.847,andaman-&-nicobar-islands,2019,1
23,Financial Services,62,116250.4367,andaman-&-nicobar-islands,2019,1
24,Others,283,497094.6484,andaman-&-nicobar-islands,2019,1
25,Recharge & bill payments,14676,7242448.256,andaman-&-nicobar-islands,2019,2
26,Peer-to-peer payments,14481,107525358.7,andaman-&-nicobar-islands,2019,2
27,Merchant payments,4031,4702152.617,andaman-&-nicobar-islands,2019,2
28,Financial Services,124,113278.9137,andaman-&-nicobar-islands,2019,2
29,Others,377,671471.2226,andaman-&-nicobar-islands,2019,2
30,Recharge & bill payments,16219,8171737.706,andaman-&-nicobar-islands,2019,3
31,Peer-to-peer payments,13767,101079821.1,andaman-&-nicobar-islands,2019,3
32,Merchant payments,3519,4428734.575,andaman-&-nicobar-islands,2019,3
33,Financial Services,50,158857.9432,andaman-&-nicobar-islands,2019,3
34,Others,215,232624.7599,andaman-&-nicobar-islands,2019,3
35,Peer-to-peer payments,18128,121493224.3,andaman-&-nicobar-islands,2019,4
36,Recharge & bill payments,13851,9538690.916,andaman-&-nicobar-islands,2019,4
37,Merchant payments,2920,5247500.488,andaman-&-nicobar-islands,2019,4
38,Financial Services,60,295937.2111,andaman-&-nicobar-islands,2019,4
39,Others,200,263177.5944,andaman-&-nicobar-islands,2019,4
40,Peer-to-peer payments,18324,142332401.8,andaman-&-nicobar-islands,2020,1
41,Recharge & bill payments,18268,10850414.02,andaman-&-nicobar-islands,2020,1
42,Merchant payments,4424,7752871.558,andaman-&-nicobar-islands,2020,1
43,Financial Services,66,208231.7307,andaman-&-nicobar-islands,2020,1
44,Others,216,332393.192,andaman-&-nicobar-islands,2020,1
45,Recharge & bill payments,38125,17659622.73,andaman-&-nicobar-islands,2020,2
46,Peer-to-peer payments,20303,141728757.7,andaman-&-nicobar-islands,2020,2
47,Merchant payments,4004,9236375.74,andaman-&-nicobar-islands,2020,2
48,Financial Services,175,706932.1397,andaman-&-nicobar-islands,2020,2
49,Others,355,313313.0646,andaman-&-nicobar-islands,2020,2
50,Recharge & bill payments,59310,24756220.88,andaman-&-nicobar-islands,2020,3
51,Peer-to-peer payments,40697,289078946.7,andaman-&-nicobar-islands,2020,3
52,Merchant payments,16096,22682992.24,andaman-&-nicobar-islands,2020,3
53,Financial Services,572,961836.713,andaman-&-nicobar-islands,2020,3
54,Others,808,539449.7722,andaman-&-nicobar-islands,2020,3
55,Peer-to-peer payments,81439,533316526.2,andaman-&-nicobar-islands,2020,4
56,Recharge & bill payments,80811,33710030.53,andaman-&-nicobar-islands,2020,4
57,Merchant payments,59391,56867468.94,andaman-&-nicobar-islands,2020,4
58,Financial Services,965,1880546.967,andaman-&-nicobar-islands,2020,4
59,Others,1925,1508083.692,andaman-&-nicobar-islands,2020,4
60,Peer-to-peer payments,105458,665391395.7,andaman-&-nicobar-islands,2021,1
61,Recharge & bill payments,84119,37160922.87,andaman-&-nicobar-islands,2021,1
62,Merchant payments,53090,78606979.06,andaman-&-nicobar-islands,2021,1
63,Financial Services,884,1469351.085,andaman-&-nicobar-islands,2021,1
64,Others,1201,1077918.666,andaman-&-nicobar-islands,2021,1
65,Peer-to-peer payments,132772,748382044.8,andaman-&-nicobar-islands,2021,2
66,Recharge & bill payments,120911,43691961.26,andaman-&-nicobar-islands,2021,2
67,Merchant payments,85143,103707408.5,andaman-&-nicobar-islands,2021,2
68,Financial Services,960,2038521.514,andaman-&-nicobar-islands,2021,2
69,Others,1628,1327080.056,andaman-&-nicobar-islands,2021,2
70,Peer-to-peer payments,192321,1077787837,andaman-&-nicobar-islands,2021,3
71,Recharge & bill payments,136010,51243450.86,andaman-&-nicobar-islands,2021,3
72,Merchant payments,118340,176991328.2,andaman-&-nicobar-islands,2021,3
73,Financial Services,990,2351013.442,andaman-&-nicobar-islands,2021,3
74,Others,2103,1650766.127,andaman-&-nicobar-islands,2021,3
75,Peer-to-peer payments,285778,1544932663,andaman-&-nicobar-islands,2021,4
76,Merchant payments,210164,322842314.6,andaman-&-nicobar-islands,2021,4
77,Recharge & bill payments,135608,59243518.11,andaman-&-nicobar-islands,2021,4
78,Financial Services,1718,3137965.167,andaman-&-nicobar-islands,2021,4
79,Others,2855,2453640.143,andaman-&-nicobar-islands,2021,4
80,Peer-to-peer payments,342649,1682328506,andaman-&-nicobar-islands,2022,1
81,Merchant payments,284298,370091558.7,andaman-&-nicobar-islands,2022,1
82,Recharge & bill payments,163401,71300133.66,andaman-&-nicobar-islands,2022,1
83,Financial Services,1757,2869682.023,andaman-&-nicobar-islands,2022,1
84,Others,2643,2440321.982,andaman-&-nicobar-islands,2022,1
85,Merchant payments,449540,510838980.9,andaman-&-nicobar-islands,2022,2
86,Peer-to-peer payments,437606,2088309073,andaman-&-nicobar-islands,2022,2
87,Recharge & bill payments,179515,82232936.62,andaman-&-nicobar-islands,2022,2
88,Financial Services,1448,2089862.393,andaman-&-nicobar-islands,2022,2
89,Others,3108,2449496.708,andaman-&-nicobar-islands,2022,2
90,Merchant payments,716105,693438186.3,andaman-&-nicobar-islands,2022,3
91,Peer-to-peer payments,622217,2514535155,andaman-&-nicobar-islands,2022,3
92,Recharge & bill payments,240766,97748065.63,andaman-&-nicobar-islands,2022,3
93,Financial Services,1814,2166304.978,andaman-&-nicobar-islands,2022,3
94,Others,3477,2744060.671,andaman-&-nicobar-islands,2022,3
95,Merchant payments,956536,906365300.7,andaman-&-nicobar-islands,2022,4
96,Peer-to-peer payments,768758,2961630585,andaman-&-nicobar-islands,2022,4
97,Recharge & bill payments,256050,110037119.7,andaman-&-nicobar-islands,2022,4
98,Financial Services,2499,3533987.23,andaman-&-nicobar-islands,2022,4
99,Others,3692,3107412.044,andaman-&-nicobar-islands,2022,4
100,Recharge & bill payments,5027448,892293975.7,andhra-pradesh,2018,1
101,Peer-to-peer payments,3049646,10524250283,andhra-pradesh,2018,1
102,Merchant payments,362672,247297640.2,andhra-pradesh,2018,1
103,Financial Services,204305,44808449.76,andhra-pradesh,2018,1
104,Others,395514,287626043,andhra-pradesh,2018,1
105,Recharge & bill payments,6456387,1598591488,andhra-pradesh,2018,2
106,Peer-to-peer payments,4745000,20451493099,andhra-pradesh,2018,2
107,Merchant payments,604847,436785223.9,andhra-pradesh,2018,2
108,Financial Services,225621,68952114.81,andhra-pradesh,2018,2
109,Others,322063,328092346.6,andhra-pradesh,2018,2
110,Peer-to-peer payments,16129591,32738630445,andhra-pradesh,2018,3
111,Recharge & bill payments,7542005,1949098147,andhra-pradesh,2018,3
112,Merchant payments,1225416,685277254.5,andhra-pradesh,2018,3
113,Financial Services,380324,60790077.57,andhra-pradesh,2018,3
114,Others,348725,284248675.6,andhra-pradesh,2018,3
115,Peer-to-peer payments,17580086,47011639726,andhra-pradesh,2018,4
116,Recharge & bill payments,9767083,2418164314,andhra-pradesh,2018,4
117,Merchant payments,2622131,1671585889,andhra-pradesh,2018,4
118,Financial Services,400837,57178116.4,andhra-pradesh,2018,4
119,Others,389411,315211361.3,andhra-pradesh,2018,4
120,Peer-to-peer payments,37420988,77524329742,andhra-pradesh,2019,1
121,Recharge & bill payments,14022264,3480641602,andhra-pradesh,2019,1
122,Merchant payments,5043682,2423536770,andhra-pradesh,2019,1
123,Financial Services,416325,47150177.53,andhra-pradesh,2019,1
124,Others,361263,284937624.5,andhra-pradesh,2019,1
125,Peer-to-peer payments,32494402,1.03925E+11,andhra-pradesh,2019,2
126,Recharge & bill payments,14093964,4708345388,andhra-pradesh,2019,2
127,Merchant payments,9226537,4613405203,andhra-pradesh,2019,2
128,Financial Services,145310,26626696.77,andhra-pradesh,2019,2
129,Others,448802,361492238.4,andhra-pradesh,2019,2
130,Peer-to-peer payments,39023491,1.24339E+11,andhra-pradesh,2019,3
131,Recharge & bill payments,20147629,6893984677,andhra-pradesh,2019,3
132,Merchant payments,16581787,7887394038,andhra-pradesh,2019,3
133,Financial Services,122270,29778183.03,andhra-pradesh,2019,3
134,Others,413437,298142027.6,andhra-pradesh,2019,3
135,Peer-to-peer payments,57181511,1.78894E+11,andhra-pradesh,2019,4
136,Merchant payments,25122370,13476303368,andhra-pradesh,2019,4
137,Recharge & bill payments,24469888,8335168606,andhra-pradesh,2019,4
138,Financial Services,105662,26796571.75,andhra-pradesh,2019,4
139,Others,338672,216496893.2,andhra-pradesh,2019,4
140,Peer-to-peer payments,65452143,2.23089E+11,andhra-pradesh,2020,1
141,Merchant payments,31408022,18603161784,andhra-pradesh,2020,1
142,Recharge & bill payments,30449644,10813530778,andhra-pradesh,2020,1
143,Financial Services,75238,43739133.17,andhra-pradesh,2020,1
144,Others,292310,188228538.4,andhra-pradesh,2020,1
145,Peer-to-peer payments,73609921,2.62732E+11,andhra-pradesh,2020,2
146,Recharge & bill payments,41013987,16991006437,andhra-pradesh,2020,2
147,Merchant payments,29976765,22625596525,andhra-pradesh,2020,2
148,Financial Services,140941,145274999.2,andhra-pradesh,2020,2
149,Others,176241,90087654.6,andhra-pradesh,2020,2
150,Peer-to-peer payments,106791894,4.06462E+11,andhra-pradesh,2020,3
151,Merchant payments,54055557,40739580214,andhra-pradesh,2020,3
152,Recharge & bill payments,43500067,19475104675,andhra-pradesh,2020,3
153,Financial Services,243088,256074924.7,andhra-pradesh,2020,3
154,Others,312329,151582519.2,andhra-pradesh,2020,3
155,Peer-to-peer payments,152003791,5.66639E+11,andhra-pradesh,2020,4
156,Merchant payments,86581460,66654048150,andhra-pradesh,2020,4
157,Recharge & bill payments,46810304,20936337212,andhra-pradesh,2020,4
158,Financial Services,265470,305168772.5,andhra-pradesh,2020,4
159,Others,457527,306853355.6,andhra-pradesh,2020,4
160,Peer-to-peer payments,149313738,5.80542E+11,andhra-pradesh,2021,1
161,Merchant payments,97920281,70813192713,andhra-pradesh,2021,1
162,Recharge & bill payments,41940689,20546424964,andhra-pradesh,2021,1
163,Financial Services,225355,270313028.5,andhra-pradesh,2021,1
164,Others,347907,272546457.6,andhra-pradesh,2021,1
165,Peer-to-peer payments,189614879,7.37004E+11,andhra-pradesh,2021,2
166,Merchant payments,112875274,88512429437,andhra-pradesh,2021,2
167,Recharge & bill payments,49626902,24646800345,andhra-pradesh,2021,2
168,Financial Services,243237,265483044.4,andhra-pradesh,2021,2
169,Others,406842,308302224.4,andhra-pradesh,2021,2
170,Peer-to-peer payments,221280317,8.37841E+11,andhra-pradesh,2021,3
171,Merchant payments,158290953,1.18164E+11,andhra-pradesh,2021,3
172,Recharge & bill payments,51702350,27511344958,andhra-pradesh,2021,3
173,Financial Services,211171,297239697.8,andhra-pradesh,2021,3
174,Others,547759,403948275.6,andhra-pradesh,2021,3
175,Peer-to-peer payments,262006450,9.7127E+11,andhra-pradesh,2021,4
176,Merchant payments,207538904,1.52884E+11,andhra-pradesh,2021,4
177,Recharge & bill payments,51762842,31232784714,andhra-pradesh,2021,4
178,Financial Services,243951,332740108.7,andhra-pradesh,2021,4
179,Others,701856,545223415.7,andhra-pradesh,2021,4
180,Peer-to-peer payments,288488560,1.08963E+12,andhra-pradesh,2022,1
181,Merchant payments,242031836,1.6942E+11,andhra-pradesh,2022,1
182,Recharge & bill payments,51224170,34473036842,andhra-pradesh,2022,1
183,Financial Services,231651,324358965.1,andhra-pradesh,2022,1
184,Others,627694,474382234.3,andhra-pradesh,2022,1
185,Peer-to-peer payments,321362337,1.23141E+12,andhra-pradesh,2022,2
186,Merchant payments,292530048,2.05434E+11,andhra-pradesh,2022,2
187,Recharge & bill payments,56606969,42408541939,andhra-pradesh,2022,2
188,Financial Services,192751,245783011,andhra-pradesh,2022,2
189,Others,441925,357036084.9,andhra-pradesh,2022,2
190,Peer-to-peer payments,298804000,1.14016E+12,andhra-pradesh,2022,3
191,Merchant payments,291033653,2.02911E+11,andhra-pradesh,2022,3
192,Recharge & bill payments,52467708,41438764826,andhra-pradesh,2022,3
193,Financial Services,187190,239347241.5,andhra-pradesh,2022,3
194,Others,362484,323951101.6,andhra-pradesh,2022,3
195,Merchant payments,321632104,2.11899E+11,andhra-pradesh,2022,4
196,Peer-to-peer payments,315734006,1.17025E+12,andhra-pradesh,2022,4
197,Recharge & bill payments,52098850,41986837706,andhra-pradesh,2022,4
198,Financial Services,206459,250596592.1,andhra-pradesh,2022,4
199,Others,345658,339211363,andhra-pradesh,2022,4
200,Recharge & bill payments,28729,5184132.515,arunachal-pradesh,2018,1
201,Peer-to-peer payments,13320,82889682.72,arunachal-pradesh,2018,1
202,Merchant payments,1042,2420374.191,arunachal-pradesh,2018,1
203,Financial Services,416,58893.76202,arunachal-pradesh,2018,1
204,Others,1990,1834252.818,arunachal-pradesh,2018,1
205,Recharge & bill payments,50700,10468878.54,arunachal-pradesh,2018,2
206,Peer-to-peer payments,26477,181576281.2,arunachal-pradesh,2018,2
207,Merchant payments,2378,4718953.44,arunachal-pradesh,2018,2
208,Financial Services,559,363761.8016,arunachal-pradesh,2018,2
209,Others,2043,1842317.369,arunachal-pradesh,2018,2
210,Recharge & bill payments,74122,15997565.91,arunachal-pradesh,2018,3
211,Peer-to-peer payments,49740,308106303.5,arunachal-pradesh,2018,3
212,Merchant payments,4738,5505694.568,arunachal-pradesh,2018,3
213,Financial Services,507,72133.84525,arunachal-pradesh,2018,3
214,Others,2039,2044708.969,arunachal-pradesh,2018,3
215,Recharge & bill payments,97751,20662691.88,arunachal-pradesh,2018,4
216,Peer-to-peer payments,68169,468831493.2,arunachal-pradesh,2018,4
217,Merchant payments,7726,11998974.1,arunachal-pradesh,2018,4
218,Financial Services,561,100597.9038,arunachal-pradesh,2018,4
219,Others,2222,2446271.969,arunachal-pradesh,2018,4
220,Recharge & bill payments,121303,26796895,arunachal-pradesh,2019,1
221,Peer-to-peer payments,93494,568554821.4,arunachal-pradesh,2019,1
222,Merchant payments,9214,11727218.4,arunachal-pradesh,2019,1
223,Financial Services,256,140622.8709,arunachal-pradesh,2019,1
224,Others,2239,2730548.598,arunachal-pradesh,2019,1
225,Recharge & bill payments,131988,30420803.41,arunachal-pradesh,2019,2
226,Peer-to-peer payments,106527,704237943.4,arunachal-pradesh,2019,2
227,Merchant payments,16828,13955724.13,arunachal-pradesh,2019,2
228,Financial Services,267,160660.8821,arunachal-pradesh,2019,2
229,Others,3046,3880742.524,arunachal-pradesh,2019,2
230,Recharge & bill payments,216228,50946104.94,arunachal-pradesh,2019,3
231,Peer-to-peer payments,133484,841037395.2,arunachal-pradesh,2019,3
232,Merchant payments,16900,17178248.07,arunachal-pradesh,2019,3
233,Financial Services,864,64089.1135,arunachal-pradesh,2019,3
234,Others,2758,3419197.418,arunachal-pradesh,2019,3
235,Recharge & bill payments,259183,63516906.09,arunachal-pradesh,2019,4
236,Peer-to-peer payments,177833,1100137448,arunachal-pradesh,2019,4
237,Merchant payments,19769,23192271.69,arunachal-pradesh,2019,4
238,Financial Services,314,305379.7988,arunachal-pradesh,2019,4
239,Others,2376,3421174.012,arunachal-pradesh,2019,4
240,Recharge & bill payments,329834,86011654.77,arunachal-pradesh,2020,1
241,Peer-to-peer payments,203429,1263912288,arunachal-pradesh,2020,1
242,Merchant payments,31181,28553052.13,arunachal-pradesh,2020,1
243,Financial Services,470,337812.9482,arunachal-pradesh,2020,1
244,Others,2261,2943873.067,arunachal-pradesh,2020,1
245,Recharge & bill payments,522495,145198528.2,arunachal-pradesh,2020,2
246,Peer-to-peer payments,247861,1630654426,arunachal-pradesh,2020,2
247,Merchant payments,35169,46446966.61,arunachal-pradesh,2020,2
248,Financial Services,1310,2655507.696,arunachal-pradesh,2020,2
249,Others,1939,1761404.402,arunachal-pradesh,2020,2
250,Recharge & bill payments,514907,153463816.2,arunachal-pradesh,2020,3
251,Peer-to-peer payments,370418,2361603431,arunachal-pradesh,2020,3
252,Merchant payments,72736,88145178.69,arunachal-pradesh,2020,3
253,Financial Services,1761,4030599.917,arunachal-pradesh,2020,3
254,Others,3005,2695539.361,arunachal-pradesh,2020,3
255,Peer-to-peer payments,522019,3254744938,arunachal-pradesh,2020,4
256,Recharge & bill payments,513895,152389181.2,arunachal-pradesh,2020,4
257,Merchant payments,167387,156682926,arunachal-pradesh,2020,4
258,Financial Services,1749,2391651.878,arunachal-pradesh,2020,4
259,Others,4079,4055324.315,arunachal-pradesh,2020,4
260,Peer-to-peer payments,566209,3460488559,arunachal-pradesh,2021,1
261,Recharge & bill payments,450649,142358376.9,arunachal-pradesh,2021,1
262,Merchant payments,155966,204958020.1,arunachal-pradesh,2021,1
263,Financial Services,1558,2672460.474,arunachal-pradesh,2021,1
264,Others,3074,3301662.609,arunachal-pradesh,2021,1
265,Peer-to-peer payments,762946,4000960152,arunachal-pradesh,2021,2
266,Recharge & bill payments,556680,165579844.3,arunachal-pradesh,2021,2
267,Merchant payments,243375,283709438.5,arunachal-pradesh,2021,2
268,Financial Services,1582,2761076.793,arunachal-pradesh,2021,2
269,Others,3755,3415105.338,arunachal-pradesh,2021,2
270,Peer-to-peer payments,986088,5033603845,arunachal-pradesh,2021,3
271,Recharge & bill payments,600102,187390578.3,arunachal-pradesh,2021,3
272,Merchant payments,314658,449869060.8,arunachal-pradesh,2021,3
273,Financial Services,1934,3348547.827,arunachal-pradesh,2021,3
274,Others,4185,3912143.35,arunachal-pradesh,2021,3
275,Peer-to-peer payments,1227616,6022733378,arunachal-pradesh,2021,4
276,Recharge & bill payments,633248,207784816.3,arunachal-pradesh,2021,4
277,Merchant payments,521447,704195695,arunachal-pradesh,2021,4
278,Financial Services,2386,3933557.28,arunachal-pradesh,2021,4
279,Others,5901,4862905.886,arunachal-pradesh,2021,4
280,Peer-to-peer payments,1403584,6670641250,arunachal-pradesh,2022,1
281,Merchant payments,720803,917155358.7,arunachal-pradesh,2022,1
282,Recharge & bill payments,670576,231933129,arunachal-pradesh,2022,1
283,Financial Services,3053,3359625.793,arunachal-pradesh,2022,1
284,Others,6052,5002264.113,arunachal-pradesh,2022,1
285,Peer-to-peer payments,1751568,7627061475,arunachal-pradesh,2022,2
286,Merchant payments,1108353,1255513517,arunachal-pradesh,2022,2
287,Recharge & bill payments,688770,241162643.2,arunachal-pradesh,2022,2
288,Financial Services,2466,4063469.1,arunachal-pradesh,2022,2
289,Others,5768,3864269.88,arunachal-pradesh,2022,2
290,Peer-to-peer payments,1967086,7365427284,arunachal-pradesh,2022,3
291,Merchant payments,1316326,1413247143,arunachal-pradesh,2022,3
292,Recharge & bill payments,649322,238448083.8,arunachal-pradesh,2022,3
293,Financial Services,1997,4763324.776,arunachal-pradesh,2022,3
294,Others,4687,3224948.702,arunachal-pradesh,2022,3
295,Peer-to-peer payments,2251135,7768088688,arunachal-pradesh,2022,4
296,Merchant payments,1704968,1669602213,arunachal-pradesh,2022,4
297,Recharge & bill payments,669151,239412553.6,arunachal-pradesh,2022,4
298,Financial Services,2617,3785469.399,arunachal-pradesh,2022,4
299,Others,4838,4020773.895,arunachal-pradesh,2022,4
300,Recharge & bill payments,632092,93491181.14,assam,2018,1
301,Peer-to-peer payments,318025,993525196,assam,2018,1
302,Merchant payments,40482,34501622.89,assam,2018,1
303,Financial Services,18172,4936862.201,assam,2018,1
304,Others,48110,31349594,assam,2018,1
305,Recharge & bill payments,984160,174427478.2,assam,2018,2
306,Peer-to-peer payments,530781,2064314053,assam,2018,2
307,Merchant payments,79307,73366344.81,assam,2018,2
308,Financial Services,22773,7051504.658,assam,2018,2
309,Others,46852,31425754.73,assam,2018,2
310,Recharge & bill payments,1275136,254569069.3,assam,2018,3
311,Peer-to-peer payments,843571,3424136710,assam,2018,3
312,Merchant payments,159532,96783839.37,assam,2018,3
313,Financial Services,22677,4741123.822,assam,2018,3
314,Others,50935,30904247.88,assam,2018,3
315,Recharge & bill payments,1703488,317661277.3,assam,2018,4
316,Peer-to-peer payments,1279089,5284776455,assam,2018,4
317,Merchant payments,667293,240563395.3,assam,2018,4
318,Financial Services,28035,6331912.527,assam,2018,4
319,Others,56267,38689818.79,assam,2018,4
320,Recharge & bill payments,1993220,400281677.9,assam,2019,1
321,Peer-to-peer payments,1976310,7291433301,assam,2019,1
322,Merchant payments,494871,266644645.7,assam,2019,1
323,Financial Services,20162,4612454.113,assam,2019,1
324,Others,48442,39127457.94,assam,2019,1
325,Recharge & bill payments,2512932,539315772.9,assam,2019,2
326,Peer-to-peer payments,2293770,10035232821,assam,2019,2
327,Merchant payments,573646,326844709.6,assam,2019,2
328,Financial Services,13654,4037222.414,assam,2019,2
329,Others,60927,49538663.41,assam,2019,2
330,Peer-to-peer payments,2713539,11835800855,assam,2019,3
331,Recharge & bill payments,2645302,639885372.7,assam,2019,3
332,Merchant payments,513728,421380275.4,assam,2019,3
333,Financial Services,8606,6403456.345,assam,2019,3
334,Others,61396,46973660.74,assam,2019,3
335,Peer-to-peer payments,3222143,14083346879,assam,2019,4
336,Recharge & bill payments,2937800,704118874,assam,2019,4
337,Merchant payments,544053,456318130.1,assam,2019,4
338,Financial Services,9621,3492255.086,assam,2019,4
339,Others,46893,34707757.01,assam,2019,4
340,Peer-to-peer payments,4058740,18977446152,assam,2020,1
341,Recharge & bill payments,3897975,971722606.2,assam,2020,1
342,Merchant payments,792646,675423853,assam,2020,1
343,Financial Services,10173,7054325.508,assam,2020,1
344,Others,49326,36781411.34,assam,2020,1
345,Recharge & bill payments,6045321,1612522829,assam,2020,2
346,Peer-to-peer payments,3648386,17358374071,assam,2020,2
347,Merchant payments,742400,749018053.2,assam,2020,2
348,Financial Services,19814,18130004.69,assam,2020,2
349,Others,49278,28255168.01,assam,2020,2
350,Peer-to-peer payments,5637893,26646565777,assam,2020,3
351,Recharge & bill payments,5292154,1627282416,assam,2020,3
352,Merchant payments,1383230,1492484153,assam,2020,3
353,Financial Services,24954,28452966.03,assam,2020,3
354,Others,59480,36605946.75,assam,2020,3
355,Peer-to-peer payments,7538478,36013292451,assam,2020,4
356,Recharge & bill payments,5383505,1662189124,assam,2020,4
357,Merchant payments,2392184,2466913306,assam,2020,4
358,Financial Services,29764,32314809.98,assam,2020,4
359,Others,79523,51901628.47,assam,2020,4
360,Peer-to-peer payments,9449096,45476079487,assam,2021,1
361,Recharge & bill payments,6494111,2103017762,assam,2021,1
362,Merchant payments,3459132,3657261586,assam,2021,1
363,Financial Services,34049,41291047.38,assam,2021,1
364,Others,75672,48814663.89,assam,2021,1
365,Peer-to-peer payments,11668399,51521387891,assam,2021,2
366,Recharge & bill payments,9058005,2657676415,assam,2021,2
367,Merchant payments,4562669,4914753140,assam,2021,2
368,Financial Services,49671,46106001.5,assam,2021,2
369,Others,94161,52549929.27,assam,2021,2
370,Peer-to-peer payments,15617592,64131823895,assam,2021,3
371,Recharge & bill payments,10284267,3248364164,assam,2021,3
372,Merchant payments,7431371,8208706348,assam,2021,3
373,Financial Services,39479,43889820.5,assam,2021,3
374,Others,131732,67715045.34,assam,2021,3
375,Peer-to-peer payments,21393962,86801625127,assam,2021,4
376,Merchant payments,12895755,13378765006,assam,2021,4
377,Recharge & bill payments,11484376,3842004488,assam,2021,4
378,Financial Services,60724,65456475.83,assam,2021,4
379,Others,185544,97116796.58,assam,2021,4
380,Peer-to-peer payments,27156085,1.08855E+11,assam,2022,1
381,Merchant payments,19011883,18833132506,assam,2022,1
382,Recharge & bill payments,12474674,4424035840,assam,2022,1
383,Financial Services,68432,73257991.39,assam,2022,1
384,Others,178812,94659207.47,assam,2022,1
385,Peer-to-peer payments,33879530,1.2383E+11,assam,2022,2
386,Merchant payments,28377534,24333260090,assam,2022,2
387,Recharge & bill payments,13858113,4814695680,assam,2022,2
388,Financial Services,50785,55549153.74,assam,2022,2
389,Others,168763,77624058.02,assam,2022,2
390,Peer-to-peer payments,37000266,1.27265E+11,assam,2022,3
391,Merchant payments,34935460,28789992307,assam,2022,3
392,Recharge & bill payments,13974568,5295136932,assam,2022,3
393,Financial Services,65066,62882386.46,assam,2022,3
394,Others,138451,76363577.27,assam,2022,3
395,Peer-to-peer payments,44828832,1.50693E+11,assam,2022,4
396,Merchant payments,43605784,36033810142,assam,2022,4
397,Recharge & bill payments,15344794,5773980885,assam,2022,4
398,Financial Services,74414,75960367.92,assam,2022,4
399,Others,127443,76370123.6,assam,2022,4
400,Recharge & bill payments,3159922,375559206.8,bihar,2018,1
401,Peer-to-peer payments,2052089,5295346761,bihar,2018,1
402,Financial Services,194295,33999413.88,bihar,2018,1
403,Merchant payments,138885,139827755.7,bihar,2018,1
404,Others,279111,201025034.2,bihar,2018,1
405,Recharge & bill payments,4346849,700649777.1,bihar,2018,2
406,Peer-to-peer payments,3447898,12141448845,bihar,2018,2
407,Merchant payments,311487,318571872.8,bihar,2018,2
408,Financial Services,267433,45332532.1,bihar,2018,2
409,Others,258711,300128082.6,bihar,2018,2
410,Peer-to-peer payments,8893764,18695889188,bihar,2018,3
411,Recharge & bill payments,4401439,804061398.5,bihar,2018,3
412,Merchant payments,586862,367608510.7,bihar,2018,3
413,Financial Services,274510,33276460.45,bihar,2018,3
414,Others,211229,234968821.3,bihar,2018,3
415,Peer-to-peer payments,8094296,26224303883,bihar,2018,4
416,Recharge & bill payments,5469096,986310785,bihar,2018,4
417,Merchant payments,1680664,848968693.1,bihar,2018,4
418,Financial Services,237247,36199427.51,bihar,2018,4
419,Others,251098,302214380.2,bihar,2018,4
420,Peer-to-peer payments,16807040,38824078062,bihar,2019,1
421,Recharge & bill payments,7036367,1333688183,bihar,2019,1
422,Merchant payments,2055267,1024997000,bihar,2019,1
423,Financial Services,204689,28599535.73,bihar,2019,1
424,Others,252871,291464734.4,bihar,2019,1
425,Peer-to-peer payments,15837449,58381285241,bihar,2019,2
426,Recharge & bill payments,9279442,1996804238,bihar,2019,2
427,Merchant payments,4365465,2308145850,bihar,2019,2
428,Financial Services,129603,63338108.54,bihar,2019,2
429,Others,348520,382864846.1,bihar,2019,2
430,Peer-to-peer payments,15446119,61831776093,bihar,2019,3
431,Recharge & bill payments,9115040,2140566975,bihar,2019,3
432,Merchant payments,7206001,3413490288,bihar,2019,3
433,Financial Services,89997,20145460.43,bihar,2019,3
434,Others,282743,286804437.7,bihar,2019,3
435,Peer-to-peer payments,26337842,86340631422,bihar,2019,4
436,Recharge & bill payments,11358597,2649616530,bihar,2019,4
437,Merchant payments,5519582,4177574379,bihar,2019,4
438,Financial Services,100192,18815964.76,bihar,2019,4
439,Others,214101,126788281.9,bihar,2019,4
440,Peer-to-peer payments,23163922,99873688133,bihar,2020,1
441,Recharge & bill payments,13837430,3680590625,bihar,2020,1
442,Merchant payments,7822567,5562692117,bihar,2020,1
443,Financial Services,57233,23954789.41,bihar,2020,1
444,Others,200663,115927863.5,bihar,2020,1
445,Peer-to-peer payments,26572651,1.16244E+11,bihar,2020,2
446,Recharge & bill payments,19522564,5642294772,bihar,2020,2
447,Merchant payments,7011681,6760404422,bihar,2020,2
448,Financial Services,73119,54077813.26,bihar,2020,2
449,Others,206727,105377680.2,bihar,2020,2
450,Peer-to-peer payments,37294332,1.53665E+11,bihar,2020,3
451,Recharge & bill payments,19027978,6313780617,bihar,2020,3
452,Merchant payments,14777337,13111735855,bihar,2020,3
453,Financial Services,104135,81355476.16,bihar,2020,3
454,Others,299966,157309412.5,bihar,2020,3
455,Peer-to-peer payments,49432098,2.08485E+11,bihar,2020,4
456,Merchant payments,26750991,23185594534,bihar,2020,4
457,Recharge & bill payments,19908687,6926960997,bihar,2020,4
458,Financial Services,119416,100785736,bihar,2020,4
459,Others,380481,207713978,bihar,2020,4
460,Peer-to-peer payments,58566582,2.42013E+11,bihar,2021,1
461,Merchant payments,33959313,30171144593,bihar,2021,1
462,Recharge & bill payments,21974086,8505455545,bihar,2021,1
463,Financial Services,124277,112949858.3,bihar,2021,1
464,Others,308219,170787342.8,bihar,2021,1
465,Peer-to-peer payments,78694099,3.19759E+11,bihar,2021,2
466,Merchant payments,44686786,43458914640,bihar,2021,2
467,Recharge & bill payments,31646149,11030849714,bihar,2021,2
468,Financial Services,149791,116086345.9,bihar,2021,2
469,Others,426797,215721223.2,bihar,2021,2
470,Peer-to-peer payments,92785704,3.31514E+11,bihar,2021,3
471,Merchant payments,64094961,53849745605,bihar,2021,3
472,Recharge & bill payments,30081746,11327303470,bihar,2021,3
473,Financial Services,135748,130349071.6,bihar,2021,3
474,Others,572954,241260025.5,bihar,2021,3
475,Peer-to-peer payments,117340712,4.23665E+11,bihar,2021,4
476,Merchant payments,95992559,81729122296,bihar,2021,4
477,Recharge & bill payments,30824177,13438634948,bihar,2021,4
478,Financial Services,186298,173358268.8,bihar,2021,4
479,Others,783199,365400541.9,bihar,2021,4
480,Peer-to-peer payments,138085265,5.00025E+11,bihar,2022,1
481,Merchant payments,114892163,95507710276,bihar,2022,1
482,Recharge & bill payments,30545266,15431605247,bihar,2022,1
483,Financial Services,169722,148088975.2,bihar,2022,1
484,Others,698018,299484690.3,bihar,2022,1
485,Peer-to-peer payments,164119431,6.10449E+11,bihar,2022,2
486,Merchant payments,158289353,1.26423E+11,bihar,2022,2
487,Recharge & bill payments,36950622,17225668602,bihar,2022,2
488,Financial Services,124199,116203820.9,bihar,2022,2
489,Others,661424,247541289.1,bihar,2022,2
490,Merchant payments,198273336,1.37874E+11,bihar,2022,3
491,Peer-to-peer payments,192304951,6.32747E+11,bihar,2022,3
492,Recharge & bill payments,46044353,20417791249,bihar,2022,3
493,Financial Services,179533,161987346.2,bihar,2022,3
494,Others,565212,245905365.8,bihar,2022,3
495,Merchant payments,243777692,1.72924E+11,bihar,2022,4
496,Peer-to-peer payments,225487662,7.3987E+11,bihar,2022,4
497,Recharge & bill payments,47054083,22729599211,bihar,2022,4
498,Financial Services,205989,199208429.5,bihar,2022,4
499,Others,559223,288999714.4,bihar,2022,4
500,Recharge & bill payments,201262,47479581.16,chandigarh,2018,1
501,Peer-to-peer payments,135136,527998849.3,chandigarh,2018,1
502,Merchant payments,21431,19477066.53,chandigarh,2018,1
503,Financial Services,8473,1865618.25,chandigarh,2018,1
504,Others,15593,16614305.58,chandigarh,2018,1
505,Recharge & bill payments,224548,76722906.68,chandigarh,2018,2
506,Peer-to-peer payments,194627,835296156.4,chandigarh,2018,2
507,Merchant payments,34606,29408471.51,chandigarh,2018,2
508,Financial Services,11927,3679451.864,chandigarh,2018,2
509,Others,13376,16116275.27,chandigarh,2018,2
510,Peer-to-peer payments,295358,1217617706,chandigarh,2018,3
511,Recharge & bill payments,236445,100639674.7,chandigarh,2018,3
512,Merchant payments,64998,37560565.97,chandigarh,2018,3
513,Financial Services,7642,1302311.597,chandigarh,2018,3
514,Others,12493,12234189.32,chandigarh,2018,3
515,Peer-to-peer payments,431461,1793871702,chandigarh,2018,4
516,Recharge & bill payments,310527,128130476,chandigarh,2018,4
517,Merchant payments,135266,94010713.61,chandigarh,2018,4
518,Financial Services,10008,2039811.337,chandigarh,2018,4
519,Others,17854,14538888.52,chandigarh,2018,4
520,Peer-to-peer payments,689400,2123866602,chandigarh,2019,1
521,Recharge & bill payments,390610,161414934.1,chandigarh,2019,1
522,Merchant payments,169984,97230471.44,chandigarh,2019,1
523,Financial Services,7412,917030.9067,chandigarh,2019,1
524,Others,17070,12603012.34,chandigarh,2019,1
525,Peer-to-peer payments,604849,2339922408,chandigarh,2019,2
526,Recharge & bill payments,342294,185659011.5,chandigarh,2019,2
527,Merchant payments,277811,152766864.7,chandigarh,2019,2
528,Financial Services,5590,839765.1614,chandigarh,2019,2
529,Others,21926,13928050.05,chandigarh,2019,2
530,Peer-to-peer payments,722233,2815184153,chandigarh,2019,3
531,Merchant payments,447069,226535908.8,chandigarh,2019,3
532,Recharge & bill payments,308219,213884900.5,chandigarh,2019,3
533,Financial Services,2447,794918.675,chandigarh,2019,3
534,Others,26575,13282206.87,chandigarh,2019,3
535,Peer-to-peer payments,927850,3586763929,chandigarh,2019,4
536,Merchant payments,561630,318692521.8,chandigarh,2019,4
537,Recharge & bill payments,338203,237695595,chandigarh,2019,4
538,Financial Services,1911,654298.6785,chandigarh,2019,4
539,Others,21321,8707473.863,chandigarh,2019,4
540,Peer-to-peer payments,1087401,4421372542,chandigarh,2020,1
541,Merchant payments,764832,438193845.5,chandigarh,2020,1
542,Recharge & bill payments,389851,257250007.2,chandigarh,2020,1
543,Financial Services,1574,1406138.188,chandigarh,2020,1
544,Others,18853,8230536.663,chandigarh,2020,1
545,Peer-to-peer payments,766698,3293060120,chandigarh,2020,2
546,Merchant payments,390906,331423259,chandigarh,2020,2
547,Recharge & bill payments,361577,214425229.3,chandigarh,2020,2
548,Financial Services,1797,3982005.118,chandigarh,2020,2
549,Others,7032,4125116.689,chandigarh,2020,2
550,Peer-to-peer payments,981986,4178346395,chandigarh,2020,3
551,Merchant payments,796634,604271248.9,chandigarh,2020,3
552,Recharge & bill payments,366353,296964795,chandigarh,2020,3
553,Financial Services,2643,5254415.457,chandigarh,2020,3
554,Others,10470,4972498.603,chandigarh,2020,3
555,Merchant payments,1322026,939307675.9,chandigarh,2020,4
556,Peer-to-peer payments,1159377,4872318731,chandigarh,2020,4
557,Recharge & bill payments,409997,320731281.9,chandigarh,2020,4
558,Financial Services,3346,4400109.749,chandigarh,2020,4
559,Others,17970,10005102.46,chandigarh,2020,4
560,Merchant payments,1799072,1210594490,chandigarh,2021,1
561,Peer-to-peer payments,1472084,5916467167,chandigarh,2021,1
562,Recharge & bill payments,678396,451109555.3,chandigarh,2021,1
563,Financial Services,5111,7700394.762,chandigarh,2021,1
564,Others,15574,10549252.04,chandigarh,2021,1
565,Merchant payments,1926913,1390989391,chandigarh,2021,2
566,Peer-to-peer payments,1663559,6541132353,chandigarh,2021,2
567,Recharge & bill payments,806710,467698864.7,chandigarh,2021,2
568,Financial Services,5502,7394941.033,chandigarh,2021,2
569,Others,14863,10458390.53,chandigarh,2021,2
570,Merchant payments,3179506,2245390329,chandigarh,2021,3
571,Peer-to-peer payments,2434417,8927868098,chandigarh,2021,3
572,Recharge & bill payments,1008585,620437997.4,chandigarh,2021,3
573,Financial Services,5700,7960844.904,chandigarh,2021,3
574,Others,21170,14225734.85,chandigarh,2021,3
575,Merchant payments,4056249,3041038520,chandigarh,2021,4
576,Peer-to-peer payments,2797561,10610461952,chandigarh,2021,4
577,Recharge & bill payments,1013153,693790747.2,chandigarh,2021,4
578,Financial Services,7038,10459431.86,chandigarh,2021,4
579,Others,24902,17832859.58,chandigarh,2021,4
580,Merchant payments,4511757,3264574793,chandigarh,2022,1
581,Peer-to-peer payments,3012464,11150701029,chandigarh,2022,1
582,Recharge & bill payments,1046187,731347957.2,chandigarh,2022,1
583,Financial Services,7228,13538635.56,chandigarh,2022,1
584,Others,22855,14829135,chandigarh,2022,1
585,Merchant payments,6136803,3919372476,chandigarh,2022,2
586,Peer-to-peer payments,3489382,12549248085,chandigarh,2022,2
587,Recharge & bill payments,1119367,792957088.6,chandigarh,2022,2
588,Financial Services,6673,8943857.181,chandigarh,2022,2
589,Others,20264,12978651.92,chandigarh,2022,2
590,Merchant payments,7665907,4713972533,chandigarh,2022,3
591,Peer-to-peer payments,4423590,14788179156,chandigarh,2022,3
592,Recharge & bill payments,1360342,1033530640,chandigarh,2022,3
593,Financial Services,8868,9918740.021,chandigarh,2022,3
594,Others,19466,14156668.14,chandigarh,2022,3
595,Merchant payments,10170372,6570336080,chandigarh,2022,4
596,Peer-to-peer payments,5951989,20013621496,chandigarh,2022,4
597,Recharge & bill payments,1749647,1267654269,chandigarh,2022,4
598,Financial Services,10778,12000766.36,chandigarh,2022,4
599,Others,22054,16141955.57,chandigarh,2022,4
600,Recharge & bill payments,1177618,206518662.8,chhattisgarh,2018,1
601,Peer-to-peer payments,550697,1838238336,chhattisgarh,2018,1
602,Merchant payments,42411,39708474.16,chhattisgarh,2018,1
603,Financial Services,33002,7350624.274,chhattisgarh,2018,1
604,Others,87786,57339459.83,chhattisgarh,2018,1
605,Recharge & bill payments,1643461,351709628.1,chhattisgarh,2018,2
606,Peer-to-peer payments,933066,3703114548,chhattisgarh,2018,2
607,Merchant payments,118438,129967815.2,chhattisgarh,2018,2
608,Financial Services,40299,9405941.627,chhattisgarh,2018,2
609,Others,80892,69972510.6,chhattisgarh,2018,2
610,Recharge & bill payments,1911374,443460556.8,chhattisgarh,2018,3
611,Peer-to-peer payments,1619886,5647949188,chhattisgarh,2018,3
612,Merchant payments,220572,145342066,chhattisgarh,2018,3
613,Financial Services,31927,6195179.157,chhattisgarh,2018,3
614,Others,75845,59360083.75,chhattisgarh,2018,3
615,Recharge & bill payments,2438959,554514488.4,chhattisgarh,2018,4
616,Peer-to-peer payments,2342713,8450105299,chhattisgarh,2018,4
617,Merchant payments,458091,331842964.6,chhattisgarh,2018,4
618,Financial Services,42199,9709810.436,chhattisgarh,2018,4
619,Others,83882,70240102.06,chhattisgarh,2018,4
620,Peer-to-peer payments,4068056,11417366152,chhattisgarh,2019,1
621,Recharge & bill payments,2997095,679458794.5,chhattisgarh,2019,1
622,Merchant payments,710047,374735986.9,chhattisgarh,2019,1
623,Financial Services,33835,5075418.743,chhattisgarh,2019,1
624,Others,78636,67920032.8,chhattisgarh,2019,1
625,Peer-to-peer payments,4350167,15410038390,chhattisgarh,2019,2
626,Recharge & bill payments,3435305,855753107.5,chhattisgarh,2019,2
627,Merchant payments,1483870,654411637,chhattisgarh,2019,2
628,Financial Services,22563,4237631.554,chhattisgarh,2019,2
629,Others,98040,77914922.92,chhattisgarh,2019,2
630,Peer-to-peer payments,5021844,17584630268,chhattisgarh,2019,3
631,Recharge & bill payments,4335851,1069468754,chhattisgarh,2019,3
632,Merchant payments,2772084,1074255589,chhattisgarh,2019,3
633,Financial Services,16452,4542997.939,chhattisgarh,2019,3
634,Others,96880,70361559.29,chhattisgarh,2019,3
635,Peer-to-peer payments,7241974,24112075521,chhattisgarh,2019,4
636,Recharge & bill payments,5112337,1257371455,chhattisgarh,2019,4
637,Merchant payments,3852716,1720930748,chhattisgarh,2019,4
638,Financial Services,14974,4665759.804,chhattisgarh,2019,4
639,Others,83757,48745253.9,chhattisgarh,2019,4
640,Peer-to-peer payments,8109789,28723854869,chhattisgarh,2020,1
641,Recharge & bill payments,6400067,1688995018,chhattisgarh,2020,1
642,Merchant payments,4923214,2393811867,chhattisgarh,2020,1
643,Financial Services,12424,7378557.223,chhattisgarh,2020,1
644,Others,78497,46557359.68,chhattisgarh,2020,1
645,Recharge & bill payments,8366200,2504355747,chhattisgarh,2020,2
646,Peer-to-peer payments,7216219,27351810048,chhattisgarh,2020,2
647,Merchant payments,3158417,2361252112,chhattisgarh,2020,2
648,Financial Services,19986,17814454.61,chhattisgarh,2020,2
649,Others,60103,33149845.44,chhattisgarh,2020,2
650,Peer-to-peer payments,9734445,34661165923,chhattisgarh,2020,3
651,Recharge & bill payments,8705513,2790720003,chhattisgarh,2020,3
652,Merchant payments,5591916,3990179454,chhattisgarh,2020,3
653,Financial Services,34893,39141096.45,chhattisgarh,2020,3
654,Others,81772,45538330.63,chhattisgarh,2020,3
655,Peer-to-peer payments,14257312,50812302053,chhattisgarh,2020,4
656,Merchant payments,11677743,8238390462,chhattisgarh,2020,4
657,Recharge & bill payments,9423324,3033918783,chhattisgarh,2020,4
658,Financial Services,41308,48082346.06,chhattisgarh,2020,4
659,Others,129949,82280639.52,chhattisgarh,2020,4
660,Peer-to-peer payments,15621154,55638916992,chhattisgarh,2021,1
661,Merchant payments,15222763,10661449529,chhattisgarh,2021,1
662,Recharge & bill payments,8456094,3000977539,chhattisgarh,2021,1
663,Financial Services,37395,40387648.84,chhattisgarh,2021,1
664,Others,99031,68111552.62,chhattisgarh,2021,1
665,Peer-to-peer payments,18387345,62134058797,chhattisgarh,2021,2
666,Merchant payments,15369311,12828590762,chhattisgarh,2021,2
667,Recharge & bill payments,10764784,3640692364,chhattisgarh,2021,2
668,Financial Services,40213,39620256.36,chhattisgarh,2021,2
669,Others,127767,85809079.55,chhattisgarh,2021,2
670,Merchant payments,27552743,19905616747,chhattisgarh,2021,3
671,Peer-to-peer payments,25447410,80506858751,chhattisgarh,2021,3
672,Recharge & bill payments,11039088,4045490947,chhattisgarh,2021,3
673,Financial Services,38817,48855662.4,chhattisgarh,2021,3
674,Others,159880,99286155,chhattisgarh,2021,3
675,Merchant payments,40526025,29283695601,chhattisgarh,2021,4
676,Peer-to-peer payments,32799167,1.02178E+11,chhattisgarh,2021,4
677,Recharge & bill payments,11115444,4724827140,chhattisgarh,2021,4
678,Financial Services,55237,66445873.3,chhattisgarh,2021,4
679,Others,221621,146144588.7,chhattisgarh,2021,4
680,Merchant payments,48236094,33822547183,chhattisgarh,2022,1
681,Peer-to-peer payments,37457039,1.18394E+11,chhattisgarh,2022,1
682,Recharge & bill payments,11466264,5442872986,chhattisgarh,2022,1
683,Financial Services,52918,55991695.31,chhattisgarh,2022,1
684,Others,200977,131773069.8,chhattisgarh,2022,1
685,Merchant payments,61093916,41536371584,chhattisgarh,2022,2
686,Peer-to-peer payments,42532112,1.33535E+11,chhattisgarh,2022,2
687,Recharge & bill payments,12737942,5949415520,chhattisgarh,2022,2
688,Financial Services,41530,46037703.16,chhattisgarh,2022,2
689,Others,178548,114905117.8,chhattisgarh,2022,2
690,Merchant payments,84355775,50874051122,chhattisgarh,2022,3
691,Peer-to-peer payments,57116149,1.61027E+11,chhattisgarh,2022,3
692,Recharge & bill payments,16538894,8069941553,chhattisgarh,2022,3
693,Financial Services,55775,61881709.74,chhattisgarh,2022,3
694,Others,185994,128469268.6,chhattisgarh,2022,3
695,Merchant payments,97405954,60247141798,chhattisgarh,2022,4
696,Peer-to-peer payments,63986789,1.83673E+11,chhattisgarh,2022,4
697,Recharge & bill payments,16324117,8376603987,chhattisgarh,2022,4
698,Financial Services,63695,81169069.23,chhattisgarh,2022,4
699,Others,179891,141385263.4,chhattisgarh,2022,4
700,Recharge & bill payments,95544,17526369.58,dadra-&-nagar-haveli-&-daman-&-diu,2018,1
701,Peer-to-peer payments,44599,151966933.2,dadra-&-nagar-haveli-&-daman-&-diu,2018,1
702,Merchant payments,1531,1580762.78,dadra-&-nagar-haveli-&-daman-&-diu,2018,1
703,Financial Services,1364,353171.5524,dadra-&-nagar-haveli-&-daman-&-diu,2018,1
704,Others,5511,4231146.951,dadra-&-nagar-haveli-&-daman-&-diu,2018,1
705,Recharge & bill payments,122834,30595592.01,dadra-&-nagar-haveli-&-daman-&-diu,2018,2
706,Peer-to-peer payments,69215,261995613.1,dadra-&-nagar-haveli-&-daman-&-diu,2018,2
707,Merchant payments,3544,4685536.036,dadra-&-nagar-haveli-&-daman-&-diu,2018,2
708,Financial Services,2996,383806.0855,dadra-&-nagar-haveli-&-daman-&-diu,2018,2
709,Others,4037,4410224.472,dadra-&-nagar-haveli-&-daman-&-diu,2018,2
710,Recharge & bill payments,157113,39790820.29,dadra-&-nagar-haveli-&-daman-&-diu,2018,3
711,Peer-to-peer payments,119346,396698085.4,dadra-&-nagar-haveli-&-daman-&-diu,2018,3
712,Merchant payments,7465,5693604.744,dadra-&-nagar-haveli-&-daman-&-diu,2018,3
713,Financial Services,1477,297647.8959,dadra-&-nagar-haveli-&-daman-&-diu,2018,3
714,Others,4174,5159437.334,dadra-&-nagar-haveli-&-daman-&-diu,2018,3
715,Peer-to-peer payments,194214,582082154.4,dadra-&-nagar-haveli-&-daman-&-diu,2018,4
716,Recharge & bill payments,185793,49972030.11,dadra-&-nagar-haveli-&-daman-&-diu,2018,4
717,Merchant payments,15739,19577328.04,dadra-&-nagar-haveli-&-daman-&-diu,2018,4
718,Financial Services,2996,371674.6991,dadra-&-nagar-haveli-&-daman-&-diu,2018,4
719,Others,5340,6747429.538,dadra-&-nagar-haveli-&-daman-&-diu,2018,4
720,Peer-to-peer payments,408465,757657638.3,dadra-&-nagar-haveli-&-daman-&-diu,2019,1
721,Recharge & bill payments,225998,62660761.89,dadra-&-nagar-haveli-&-daman-&-diu,2019,1
722,Merchant payments,20694,17043867.89,dadra-&-nagar-haveli-&-daman-&-diu,2019,1
723,Financial Services,1645,221064.6189,dadra-&-nagar-haveli-&-daman-&-diu,2019,1
724,Others,5012,5786443.339,dadra-&-nagar-haveli-&-daman-&-diu,2019,1
725,Peer-to-peer payments,244134,734034142.8,dadra-&-nagar-haveli-&-daman-&-diu,2019,2
726,Recharge & bill payments,198184,63874445.55,dadra-&-nagar-haveli-&-daman-&-diu,2019,2
727,Merchant payments,40781,20816136.24,dadra-&-nagar-haveli-&-daman-&-diu,2019,2
728,Financial Services,748,155149.7562,dadra-&-nagar-haveli-&-daman-&-diu,2019,2
729,Others,5809,5561402.206,dadra-&-nagar-haveli-&-daman-&-diu,2019,2
730,Recharge & bill payments,319142,104597035.1,dadra-&-nagar-haveli-&-daman-&-diu,2019,3
731,Peer-to-peer payments,249944,821178569.1,dadra-&-nagar-haveli-&-daman-&-diu,2019,3
732,Merchant payments,63616,30634658.24,dadra-&-nagar-haveli-&-daman-&-diu,2019,3
733,Financial Services,533,425044.0514,dadra-&-nagar-haveli-&-daman-&-diu,2019,3
734,Others,5516,4636167.42,dadra-&-nagar-haveli-&-daman-&-diu,2019,3
735,Recharge & bill payments,351819,125809568.4,dadra-&-nagar-haveli-&-daman-&-diu,2019,4
736,Peer-to-peer payments,324464,1051976411,dadra-&-nagar-haveli-&-daman-&-diu,2019,4
737,Merchant payments,86758,45361559.24,dadra-&-nagar-haveli-&-daman-&-diu,2019,4
738,Financial Services,1019,267762.4906,dadra-&-nagar-haveli-&-daman-&-diu,2019,4
739,Others,4911,3225961.384,dadra-&-nagar-haveli-&-daman-&-diu,2019,4
740,Recharge & bill payments,407577,153340696.3,dadra-&-nagar-haveli-&-daman-&-diu,2020,1
741,Peer-to-peer payments,329005,1119439490,dadra-&-nagar-haveli-&-daman-&-diu,2020,1
742,Merchant payments,137040,66713356.8,dadra-&-nagar-haveli-&-daman-&-diu,2020,1
743,Financial Services,668,418783.1261,dadra-&-nagar-haveli-&-daman-&-diu,2020,1
744,Others,4289,2851043.564,dadra-&-nagar-haveli-&-daman-&-diu,2020,1
745,Recharge & bill payments,525974,178877986.7,dadra-&-nagar-haveli-&-daman-&-diu,2020,2
746,Peer-to-peer payments,323909,1052118443,dadra-&-nagar-haveli-&-daman-&-diu,2020,2
747,Merchant payments,118801,68938500.71,dadra-&-nagar-haveli-&-daman-&-diu,2020,2
748,Financial Services,1826,993268.2972,dadra-&-nagar-haveli-&-daman-&-diu,2020,2
749,Others,2642,1448254.787,dadra-&-nagar-haveli-&-daman-&-diu,2020,2
750,Recharge & bill payments,455603,201223380.2,dadra-&-nagar-haveli-&-daman-&-diu,2020,3
751,Peer-to-peer payments,419524,1401020928,dadra-&-nagar-haveli-&-daman-&-diu,2020,3
752,Merchant payments,257572,143497844.5,dadra-&-nagar-haveli-&-daman-&-diu,2020,3
753,Financial Services,1635,1778864.012,dadra-&-nagar-haveli-&-daman-&-diu,2020,3
754,Others,3978,2268098.078,dadra-&-nagar-haveli-&-daman-&-diu,2020,3
755,Peer-to-peer payments,666995,2153786523,dadra-&-nagar-haveli-&-daman-&-diu,2020,4
756,Merchant payments,631443,316510115.8,dadra-&-nagar-haveli-&-daman-&-diu,2020,4
757,Recharge & bill payments,509971,224246669.8,dadra-&-nagar-haveli-&-daman-&-diu,2020,4
758,Financial Services,2453,1683959.51,dadra-&-nagar-haveli-&-daman-&-diu,2020,4
759,Others,6929,4283833.187,dadra-&-nagar-haveli-&-daman-&-diu,2020,4
760,Peer-to-peer payments,768921,2379220756,dadra-&-nagar-haveli-&-daman-&-diu,2021,1
761,Merchant payments,705821,367522132.4,dadra-&-nagar-haveli-&-daman-&-diu,2021,1
762,Recharge & bill payments,442926,213177144.7,dadra-&-nagar-haveli-&-daman-&-diu,2021,1
763,Financial Services,2243,1930008.972,dadra-&-nagar-haveli-&-daman-&-diu,2021,1
764,Others,5333,3782868.886,dadra-&-nagar-haveli-&-daman-&-diu,2021,1
765,Peer-to-peer payments,843550,2512913026,dadra-&-nagar-haveli-&-daman-&-diu,2021,2
766,Merchant payments,802899,430487473.9,dadra-&-nagar-haveli-&-daman-&-diu,2021,2
767,Recharge & bill payments,471136,208762964,dadra-&-nagar-haveli-&-daman-&-diu,2021,2
768,Financial Services,1826,1763792.651,dadra-&-nagar-haveli-&-daman-&-diu,2021,2
769,Others,5672,3741204.398,dadra-&-nagar-haveli-&-daman-&-diu,2021,2
770,Merchant payments,1312241,706774071.9,dadra-&-nagar-haveli-&-daman-&-diu,2021,3
771,Peer-to-peer payments,1262732,3339347400,dadra-&-nagar-haveli-&-daman-&-diu,2021,3
772,Recharge & bill payments,544322,253199754.9,dadra-&-nagar-haveli-&-daman-&-diu,2021,3
773,Financial Services,2065,2252116.636,dadra-&-nagar-haveli-&-daman-&-diu,2021,3
774,Others,8110,4365759.278,dadra-&-nagar-haveli-&-daman-&-diu,2021,3
775,Merchant payments,2013673,1058989463,dadra-&-nagar-haveli-&-daman-&-diu,2021,4
776,Peer-to-peer payments,1577168,4202291072,dadra-&-nagar-haveli-&-daman-&-diu,2021,4
777,Recharge & bill payments,551618,294991582.2,dadra-&-nagar-haveli-&-daman-&-diu,2021,4
778,Financial Services,2909,3159306.418,dadra-&-nagar-haveli-&-daman-&-diu,2021,4
779,Others,11717,6407962.869,dadra-&-nagar-haveli-&-daman-&-diu,2021,4
780,Merchant payments,2507246,1227972830,dadra-&-nagar-haveli-&-daman-&-diu,2022,1
781,Peer-to-peer payments,1745454,4674787018,dadra-&-nagar-haveli-&-daman-&-diu,2022,1
782,Recharge & bill payments,538134,326296370.8,dadra-&-nagar-haveli-&-daman-&-diu,2022,1
783,Financial Services,2574,2661345.553,dadra-&-nagar-haveli-&-daman-&-diu,2022,1
784,Others,9395,5330803.647,dadra-&-nagar-haveli-&-daman-&-diu,2022,1
785,Merchant payments,3346697,1536859131,dadra-&-nagar-haveli-&-daman-&-diu,2022,2
786,Peer-to-peer payments,1861799,5078832141,dadra-&-nagar-haveli-&-daman-&-diu,2022,2
787,Recharge & bill payments,539562,372921225.4,dadra-&-nagar-haveli-&-daman-&-diu,2022,2
788,Financial Services,1849,2131607.723,dadra-&-nagar-haveli-&-daman-&-diu,2022,2
789,Others,9864,4415675.719,dadra-&-nagar-haveli-&-daman-&-diu,2022,2
790,Merchant payments,3777156,1705567002,dadra-&-nagar-haveli-&-daman-&-diu,2022,3
791,Peer-to-peer payments,2086741,5382949598,dadra-&-nagar-haveli-&-daman-&-diu,2022,3
792,Recharge & bill payments,592431,425206924.5,dadra-&-nagar-haveli-&-daman-&-diu,2022,3
793,Financial Services,2237,3194409.94,dadra-&-nagar-haveli-&-daman-&-diu,2022,3
794,Others,7056,3729425.463,dadra-&-nagar-haveli-&-daman-&-diu,2022,3
795,Merchant payments,4415771,1889046056,dadra-&-nagar-haveli-&-daman-&-diu,2022,4
796,Peer-to-peer payments,2215052,5737539058,dadra-&-nagar-haveli-&-daman-&-diu,2022,4
797,Recharge & bill payments,548795,426040023.1,dadra-&-nagar-haveli-&-daman-&-diu,2022,4
798,Financial Services,2495,3169199.263,dadra-&-nagar-haveli-&-daman-&-diu,2022,4
799,Others,7472,3846409.106,dadra-&-nagar-haveli-&-daman-&-diu,2022,4
800,Recharge & bill payments,3947297,1320559613,delhi,2018,1
801,Peer-to-peer payments,2380820,9125685135,delhi,2018,1
802,Merchant payments,339809,375393115.2,delhi,2018,1
803,Financial Services,136240,45588429.27,delhi,2018,1
804,Others,318588,344277514.8,delhi,2018,1
805,Recharge & bill payments,4511737,2078183616,delhi,2018,2
806,Peer-to-peer payments,3542716,14348179103,delhi,2018,2
807,Merchant payments,837001,631597790.6,delhi,2018,2
808,Financial Services,205991,66584728.2,delhi,2018,2
809,Others,276278,321754664.5,delhi,2018,2
810,Peer-to-peer payments,8557153,22670122889,delhi,2018,3
811,Recharge & bill payments,5305635,3261844271,delhi,2018,3
812,Merchant payments,3808395,1048422634,delhi,2018,3
813,Financial Services,274526,45051151.35,delhi,2018,3
814,Others,601339,350405916.2,delhi,2018,3
815,Peer-to-peer payments,9973249,32389252495,delhi,2018,4
816,Merchant payments,9958967,2738429839,delhi,2018,4
817,Recharge & bill payments,7483633,3961160543,delhi,2018,4
818,Financial Services,265004,58162003.44,delhi,2018,4
819,Others,1506866,575852739,delhi,2018,4
820,Peer-to-peer payments,20216287,48250023721,delhi,2019,1
821,Merchant payments,13875931,3996618720,delhi,2019,1
822,Recharge & bill payments,10744978,5521320539,delhi,2019,1
823,Financial Services,223095,30997039.7,delhi,2019,1
824,Others,1947036,670171769.7,delhi,2019,1
825,Merchant payments,20891431,6816878923,delhi,2019,2
826,Peer-to-peer payments,20570311,65953571241,delhi,2019,2
827,Recharge & bill payments,12869453,8035701902,delhi,2019,2
828,Financial Services,137774,33985068.68,delhi,2019,2
829,Others,2702543,866678928.4,delhi,2019,2
830,Merchant payments,29453368,9857221392,delhi,2019,3
831,Peer-to-peer payments,25201978,81904443496,delhi,2019,3
832,Recharge & bill payments,11133404,10406524193,delhi,2019,3
833,Financial Services,92061,27952186.99,delhi,2019,3
834,Others,3657065,1000670778,delhi,2019,3
835,Peer-to-peer payments,33040093,1.05859E+11,delhi,2019,4
836,Merchant payments,32537378,12864577363,delhi,2019,4
837,Recharge & bill payments,11609898,9500486081,delhi,2019,4
838,Financial Services,57063,21512527.97,delhi,2019,4
839,Others,3500565,779367300.5,delhi,2019,4
840,Merchant payments,33951545,14470782771,delhi,2020,1
841,Peer-to-peer payments,32410795,1.08988E+11,delhi,2020,1
842,Recharge & bill payments,12822919,9498791148,delhi,2020,1
843,Financial Services,46529,39908838.25,delhi,2020,1
844,Others,2515816,619460879,delhi,2020,1
845,Peer-to-peer payments,27155938,86227124454,delhi,2020,2
846,Merchant payments,24963931,12708327044,delhi,2020,2
847,Recharge & bill payments,13568505,8699886044,delhi,2020,2
848,Financial Services,64790,75405868.16,delhi,2020,2
849,Others,288854,162694793.2,delhi,2020,2
850,Peer-to-peer payments,41498638,1.40074E+11,delhi,2020,3
851,Merchant payments,40973792,21858176583,delhi,2020,3
852,Recharge & bill payments,13448341,12883226305,delhi,2020,3
853,Financial Services,85689,114341865.3,delhi,2020,3
854,Others,485401,234194502.8,delhi,2020,3
855,Merchant payments,54581166,31106554563,delhi,2020,4
856,Peer-to-peer payments,49631928,1.71546E+11,delhi,2020,4
857,Recharge & bill payments,14862946,12921793577,delhi,2020,4
858,Financial Services,114862,160007919.8,delhi,2020,4
859,Others,1349515,530676173.3,delhi,2020,4
860,Merchant payments,72615587,39861532639,delhi,2021,1
861,Peer-to-peer payments,61957428,2.10824E+11,delhi,2021,1
862,Recharge & bill payments,21164274,15447408659,delhi,2021,1
863,Financial Services,153039,203106852.4,delhi,2021,1
864,Others,1468676,592745151.9,delhi,2021,1
865,Merchant payments,75620295,42933366743,delhi,2021,2
866,Peer-to-peer payments,68497718,2.23035E+11,delhi,2021,2
867,Recharge & bill payments,25026678,15310096463,delhi,2021,2
868,Financial Services,158170,190019761.5,delhi,2021,2
869,Others,854403,472659189.3,delhi,2021,2
870,Merchant payments,115250887,64006915631,delhi,2021,3
871,Peer-to-peer payments,93292876,2.98006E+11,delhi,2021,3
872,Recharge & bill payments,28427032,20934734872,delhi,2021,3
873,Financial Services,144460,220660990.2,delhi,2021,3
874,Others,1645353,690472449.1,delhi,2021,3
875,Merchant payments,149204611,88990516304,delhi,2021,4
876,Peer-to-peer payments,112380292,3.76557E+11,delhi,2021,4
877,Recharge & bill payments,30127352,22290161823,delhi,2021,4
878,Financial Services,199280,287950130.2,delhi,2021,4
879,Others,771824,569713470.7,delhi,2021,4
880,Merchant payments,174454937,98212381476,delhi,2022,1
881,Peer-to-peer payments,125111881,4.15305E+11,delhi,2022,1
882,Recharge & bill payments,29435981,22482865573,delhi,2022,1
883,Financial Services,195184,271039329.1,delhi,2022,1
884,Others,1801878,693588769.4,delhi,2022,1
885,Merchant payments,233412802,1.21658E+11,delhi,2022,2
886,Peer-to-peer payments,143447534,4.80686E+11,delhi,2022,2
887,Recharge & bill payments,32971294,26876059610,delhi,2022,2
888,Financial Services,160827,209425798.8,delhi,2022,2
889,Others,641727,426563425.7,delhi,2022,2
890,Merchant payments,276635347,1.34293E+11,delhi,2022,3
891,Peer-to-peer payments,160580425,5.09429E+11,delhi,2022,3
892,Recharge & bill payments,37572389,33177115465,delhi,2022,3
893,Financial Services,195218,265479580.4,delhi,2022,3
894,Others,608782,448676465.8,delhi,2022,3
895,Merchant payments,305621913,1.53115E+11,delhi,2022,4
896,Peer-to-peer payments,171970100,5.59069E+11,delhi,2022,4
897,Recharge & bill payments,36775874,31954251758,delhi,2022,4
898,Financial Services,228639,299454652.8,delhi,2022,4
899,Others,606931,477098950.6,delhi,2022,4
900,Recharge & bill payments,85991,18273814.16,goa,2018,1
901,Peer-to-peer payments,59651,268175048.1,goa,2018,1
902,Merchant payments,7880,11036031.74,goa,2018,1
903,Financial Services,1191,520105.6424,goa,2018,1
904,Others,6184,5851742.732,goa,2018,1
905,Recharge & bill payments,120943,30994284.17,goa,2018,2
906,Peer-to-peer payments,87878,419492232.5,goa,2018,2
907,Merchant payments,12456,20162855.71,goa,2018,2
908,Financial Services,1903,733429.4273,goa,2018,2
909,Others,6395,7221023.531,goa,2018,2
910,Recharge & bill payments,158797,40314972.94,goa,2018,3
911,Peer-to-peer payments,150297,639468418.1,goa,2018,3
912,Merchant payments,21587,26634198.18,goa,2018,3
913,Financial Services,1867,468171.3648,goa,2018,3
914,Others,6963,6281208.621,goa,2018,3
915,Peer-to-peer payments,246426,1021902315,goa,2018,4
916,Recharge & bill payments,212122,54832855.89,goa,2018,4
917,Merchant payments,45586,66666113.92,goa,2018,4
918,Financial Services,2523,723599.2328,goa,2018,4
919,Others,8098,8880194.431,goa,2018,4
920,Peer-to-peer payments,378848,1310759848,goa,2019,1
921,Recharge & bill payments,275277,78212835.04,goa,2019,1
922,Merchant payments,74527,75946974.41,goa,2019,1
923,Financial Services,2013,499592.0967,goa,2019,1
924,Others,8147,9904147.91,goa,2019,1
925,Peer-to-peer payments,373759,1391933791,goa,2019,2
926,Recharge & bill payments,278060,93218689.42,goa,2019,2
927,Merchant payments,104592,92873008.65,goa,2019,2
928,Financial Services,1211,515859.8077,goa,2019,2
929,Others,10819,13325754.76,goa,2019,2
930,Peer-to-peer payments,475178,1704668027,goa,2019,3
931,Recharge & bill payments,453806,157952855,goa,2019,3
932,Merchant payments,150578,123948570.6,goa,2019,3
933,Financial Services,1510,1282344.844,goa,2019,3
934,Others,11344,12515394.12,goa,2019,3
935,Peer-to-peer payments,698728,2484453030,goa,2019,4
936,Recharge & bill payments,552421,205602115.1,goa,2019,4
937,Merchant payments,250893,218404664.9,goa,2019,4
938,Financial Services,1497,649712.8451,goa,2019,4
939,Others,11733,14350825.33,goa,2019,4
940,Peer-to-peer payments,817198,2851686769,goa,2020,1
941,Recharge & bill payments,678079,244739382.2,goa,2020,1
942,Merchant payments,373110,298421548.1,goa,2020,1
943,Financial Services,1762,1816477.569,goa,2020,1
944,Others,11088,13707055.39,goa,2020,1
945,Recharge & bill payments,758617,241196540.9,goa,2020,2
946,Peer-to-peer payments,493326,1766723888,goa,2020,2
947,Merchant payments,221358,168591711.9,goa,2020,2
948,Financial Services,3081,3328361.318,goa,2020,2
949,Others,5710,3775927.611,goa,2020,2
950,Peer-to-peer payments,759351,2723430713,goa,2020,3
951,Recharge & bill payments,696770,280187505,goa,2020,3
952,Merchant payments,446880,353193881.5,goa,2020,3
953,Financial Services,4985,6418950.467,goa,2020,3
954,Others,7545,5112530.621,goa,2020,3
955,Peer-to-peer payments,1550251,5407626413,goa,2020,4
956,Merchant payments,1389834,1123844213,goa,2020,4
957,Recharge & bill payments,839199,345088772.4,goa,2020,4
958,Financial Services,7287,10386560.39,goa,2020,4
959,Others,14810,12846789.25,goa,2020,4
960,Peer-to-peer payments,2235456,7553384653,goa,2021,1
961,Merchant payments,2195509,1768358977,goa,2021,1
962,Recharge & bill payments,880682,410604192.7,goa,2021,1
963,Financial Services,8138,12207778.15,goa,2021,1
964,Others,11764,12687278.26,goa,2021,1
965,Merchant payments,1869384,1411529034,goa,2021,2
966,Peer-to-peer payments,1866837,6195032351,goa,2021,2
967,Recharge & bill payments,953219,383804809.4,goa,2021,2
968,Financial Services,8303,12371843.84,goa,2021,2
969,Others,12392,10115549.03,goa,2021,2
970,Merchant payments,2865625,2143135315,goa,2021,3
971,Peer-to-peer payments,2560305,7871092673,goa,2021,3
972,Recharge & bill payments,1017351,438838003.2,goa,2021,3
973,Financial Services,8337,12943224.07,goa,2021,3
974,Others,16145,12416377.6,goa,2021,3
975,Merchant payments,5474662,4384250603,goa,2021,4
976,Peer-to-peer payments,4408822,13618351953,goa,2021,4
977,Recharge & bill payments,1170180,585734312.4,goa,2021,4
978,Financial Services,11320,17101084.66,goa,2021,4
979,Others,23775,21819163.2,goa,2021,4
980,Merchant payments,6364271,4682000388,goa,2022,1
981,Peer-to-peer payments,4640380,14449830642,goa,2022,1
982,Recharge & bill payments,1177071,646403472.1,goa,2022,1
983,Financial Services,11677,17490493.19,goa,2022,1
984,Others,20699,20720407.6,goa,2022,1
985,Merchant payments,7812998,5736211014,goa,2022,2
986,Peer-to-peer payments,5097942,16372343177,goa,2022,2
987,Recharge & bill payments,1279377,738765635.3,goa,2022,2
988,Financial Services,10666,13192736.03,goa,2022,2
989,Others,15071,12525197.3,goa,2022,2
990,Merchant payments,7595135,5112175255,goa,2022,3
991,Peer-to-peer payments,4449008,13780955270,goa,2022,3
992,Recharge & bill payments,1122869,657115143.5,goa,2022,3
993,Financial Services,9992,12650738.42,goa,2022,3
994,Others,11683,11368868.04,goa,2022,3
995,Merchant payments,10319138,6739205748,goa,2022,4
996,Peer-to-peer payments,5652373,17421974715,goa,2022,4
997,Recharge & bill payments,1195865,734121700.6,goa,2022,4
998,Financial Services,12147,15705663.13,goa,2022,4
999,Others,13151,13978544.18,goa,2022,4
1000,Recharge & bill payments,3691952,878929081,gujarat,2018,1
1001,Peer-to-peer payments,1738974,6318864760,gujarat,2018,1
1002,Merchant payments,145436,166036667.6,gujarat,2018,1
1003,Financial Services,122117,27986679.01,gujarat,2018,1
1004,Others,250296,186165067.6,gujarat,2018,1
1005,Recharge & bill payments,4643367,1571880396,gujarat,2018,2
1006,Peer-to-peer payments,2483231,10009680530,gujarat,2018,2
1007,Merchant payments,275503,356984574.1,gujarat,2018,2
1008,Financial Services,140704,38598263.23,gujarat,2018,2
1009,Others,202928,185541007.5,gujarat,2018,2
1010,Peer-to-peer payments,5287200,15272745138,gujarat,2018,3
1011,Recharge & bill payments,5117168,1938041689,gujarat,2018,3
1012,Merchant payments,573440,466209496.8,gujarat,2018,3
1013,Financial Services,136468,24930605.61,gujarat,2018,3
1014,Others,219873,164477497.1,gujarat,2018,3
1015,Peer-to-peer payments,6488202,21207285185,gujarat,2018,4
1016,Recharge & bill payments,6138404,2297332323,gujarat,2018,4
1017,Merchant payments,1656377,1088373316,gujarat,2018,4
1018,Financial Services,133915,30699273.17,gujarat,2018,4
1019,Others,316405,207297005.7,gujarat,2018,4
1020,Peer-to-peer payments,13465044,31231285551,gujarat,2019,1
1021,Recharge & bill payments,8595256,3104251733,gujarat,2019,1
1022,Merchant payments,2493340,1296376125,gujarat,2019,1
1023,Financial Services,114539,19581520.57,gujarat,2019,1
1024,Others,323272,204585378.8,gujarat,2019,1
1025,Peer-to-peer payments,12547493,41853661230,gujarat,2019,2
1026,Recharge & bill payments,10434449,4651874823,gujarat,2019,2
1027,Merchant payments,5486791,2526448415,gujarat,2019,2
1028,Financial Services,70502,17349813.39,gujarat,2019,2
1029,Others,442607,271280936.6,gujarat,2019,2
1030,Peer-to-peer payments,14529353,49206585462,gujarat,2019,3
1031,Merchant payments,11788077,4211116461,gujarat,2019,3
1032,Recharge & bill payments,11349625,5768100024,gujarat,2019,3
1033,Financial Services,78609,20507001.23,gujarat,2019,3
1034,Others,482985,256386015.2,gujarat,2019,3
1035,Peer-to-peer payments,19107911,64477452639,gujarat,2019,4
1036,Recharge & bill payments,12967713,6517891167,gujarat,2019,4
1037,Merchant payments,9964076,5480269120,gujarat,2019,4
1038,Financial Services,63498,20202767.26,gujarat,2019,4
1039,Others,444434,194846362.4,gujarat,2019,4
1040,Peer-to-peer payments,19068093,72393727235,gujarat,2020,1
1041,Recharge & bill payments,15648472,7197595157,gujarat,2020,1
1042,Merchant payments,12191478,7210758662,gujarat,2020,1
1043,Financial Services,50753,27460255.46,gujarat,2020,1
1044,Others,367621,165535312.4,gujarat,2020,1
1045,Recharge & bill payments,19971660,8322688557,gujarat,2020,2
1046,Peer-to-peer payments,17569398,64723140394,gujarat,2020,2
1047,Merchant payments,9645967,7196610932,gujarat,2020,2
1048,Financial Services,59617,53132341.31,gujarat,2020,2
1049,Others,173543,92274135.41,gujarat,2020,2
1050,Peer-to-peer payments,23130724,89142122337,gujarat,2020,3
1051,Merchant payments,18338969,12749796642,gujarat,2020,3
1052,Recharge & bill payments,17481357,9820654244,gujarat,2020,3
1053,Financial Services,92278,84723188.62,gujarat,2020,3
1054,Others,246851,124456073.2,gujarat,2020,3
1055,Peer-to-peer payments,29967258,1.16743E+11,gujarat,2020,4
1056,Merchant payments,28430460,20844321157,gujarat,2020,4
1057,Recharge & bill payments,18943669,10441981826,gujarat,2020,4
1058,Financial Services,113371,120056733.9,gujarat,2020,4
1059,Others,373789,243470065.5,gujarat,2020,4
1060,Peer-to-peer payments,36427493,1.44819E+11,gujarat,2021,1
1061,Merchant payments,35815382,26512643894,gujarat,2021,1
1062,Recharge & bill payments,22088838,11996115292,gujarat,2021,1
1063,Financial Services,126380,137612317.7,gujarat,2021,1
1064,Others,316472,235440836.3,gujarat,2021,1
1065,Merchant payments,42593432,33542305034,gujarat,2021,2
1066,Peer-to-peer payments,41642387,1.62484E+11,gujarat,2021,2
1067,Recharge & bill payments,27127405,13750783182,gujarat,2021,2
1068,Financial Services,128647,136119996.7,gujarat,2021,2
1069,Others,349525,249278437.3,gujarat,2021,2
1070,Merchant payments,62934471,48197579737,gujarat,2021,3
1071,Peer-to-peer payments,56134212,2.08013E+11,gujarat,2021,3
1072,Recharge & bill payments,29580901,15945997372,gujarat,2021,3
1073,Financial Services,125167,163304131.1,gujarat,2021,3
1074,Others,473656,304418273.2,gujarat,2021,3
1075,Merchant payments,84846502,68717933162,gujarat,2021,4
1076,Peer-to-peer payments,67301686,2.54339E+11,gujarat,2021,4
1077,Recharge & bill payments,30072479,18739034342,gujarat,2021,4
1078,Financial Services,175393,209214620.7,gujarat,2021,4
1079,Others,591265,377657202.8,gujarat,2021,4
1080,Merchant payments,101648378,79563412222,gujarat,2022,1
1081,Peer-to-peer payments,77768758,2.92439E+11,gujarat,2022,1
1082,Recharge & bill payments,30473298,20042066375,gujarat,2022,1
1083,Financial Services,160423,187077879.4,gujarat,2022,1
1084,Others,496289,316261089.4,gujarat,2022,1
1085,Merchant payments,131610193,95585623258,gujarat,2022,2
1086,Peer-to-peer payments,86423696,3.26946E+11,gujarat,2022,2
1087,Recharge & bill payments,33424931,23844933238,gujarat,2022,2
1088,Financial Services,125180,142685436.4,gujarat,2022,2
1089,Others,468796,278978567.2,gujarat,2022,2
1090,Merchant payments,161264265,1.09019E+11,gujarat,2022,3
1091,Peer-to-peer payments,103034790,3.59338E+11,gujarat,2022,3
1092,Recharge & bill payments,38383683,28649040041,gujarat,2022,3
1093,Financial Services,152053,162173602.8,gujarat,2022,3
1094,Others,404941,269479241.1,gujarat,2022,3
1095,Merchant payments,186533503,1.25585E+11,gujarat,2022,4
1096,Peer-to-peer payments,114868478,4.11053E+11,gujarat,2022,4
1097,Recharge & bill payments,39167297,30789927499,gujarat,2022,4
1098,Financial Services,179101,194314203,gujarat,2022,4
1099,Others,407639,295484431.3,gujarat,2022,4
1100,Recharge & bill payments,2368002,535578755.1,haryana,2018,1
1101,Peer-to-peer payments,1607193,5814807511,haryana,2018,1
1102,Merchant payments,167816,173513595.4,haryana,2018,1
1103,Financial Services,128636,27501068.01,haryana,2018,1
1104,Others,209123,242110585.5,haryana,2018,1
1105,Recharge & bill payments,3054284,984897276.7,haryana,2018,2
1106,Peer-to-peer payments,2388953,9745924810,haryana,2018,2
1107,Merchant payments,369916,334118261.5,haryana,2018,2
1108,Financial Services,167570,38145882.44,haryana,2018,2
1109,Others,170208,217328211.7,haryana,2018,2
1110,Peer-to-peer payments,3753981,14429454356,haryana,2018,3
1111,Recharge & bill payments,3203386,1310467515,haryana,2018,3
1112,Merchant payments,1003057,427387637.9,haryana,2018,3
1113,Financial Services,100452,17323790.81,haryana,2018,3
1114,Others,201148,190505707.5,haryana,2018,3
1115,Peer-to-peer payments,5905032,22416919747,haryana,2018,4
1116,Recharge & bill payments,4116262,1671040704,haryana,2018,4
1117,Merchant payments,2413446,1013407380,haryana,2018,4
1118,Financial Services,120711,22252543.62,haryana,2018,4
1119,Others,394732,267255642.3,haryana,2018,4
1120,Peer-to-peer payments,12622225,30283578837,haryana,2019,1
1121,Recharge & bill payments,5576577,2202061875,haryana,2019,1
1122,Merchant payments,3361995,1292375556,haryana,2019,1
1123,Financial Services,101786,15201736,haryana,2019,1
1124,Others,473192,258437718.2,haryana,2019,1
1125,Peer-to-peer payments,10387562,37056084814,haryana,2019,2
1126,Recharge & bill payments,5902923,2838724048,haryana,2019,2
1127,Merchant payments,5738283,2292901816,haryana,2019,2
1128,Financial Services,57488,12080285.23,haryana,2019,2
1129,Others,655560,301748850.2,haryana,2019,2
1130,Peer-to-peer payments,11775288,43738290120,haryana,2019,3
1131,Merchant payments,9386779,3615636828,haryana,2019,3
1132,Recharge & bill payments,8289987,4817098565,haryana,2019,3
1133,Financial Services,61503,16715100.88,haryana,2019,3
1134,Others,829974,301378586,haryana,2019,3
1135,Peer-to-peer payments,15729819,58242027266,haryana,2019,4
1136,Merchant payments,11615667,5253780278,haryana,2019,4
1137,Recharge & bill payments,9648003,5637358526,haryana,2019,4
1138,Financial Services,41688,13756049.14,haryana,2019,4
1139,Others,790808,212797749.8,haryana,2019,4
1140,Peer-to-peer payments,17728235,68367245528,haryana,2020,1
1141,Merchant payments,14327020,7075196609,haryana,2020,1
1142,Recharge & bill payments,11346112,6331682017,haryana,2020,1
1143,Financial Services,34488,25266730.19,haryana,2020,1
1144,Others,600232,176823674.2,haryana,2020,1
1145,Peer-to-peer payments,17334369,66645492691,haryana,2020,2
1146,Recharge & bill payments,12740328,6547618492,haryana,2020,2
1147,Merchant payments,11527654,7393393678,haryana,2020,2
1148,Financial Services,48759,49209527.29,haryana,2020,2
1149,Others,129940,75550536.68,haryana,2020,2
1150,Peer-to-peer payments,24123449,88796356487,haryana,2020,3
1151,Merchant payments,20845136,12141560867,haryana,2020,3
1152,Recharge & bill payments,12716319,8452802893,haryana,2020,3
1153,Financial Services,66457,80854296.93,haryana,2020,3
1154,Others,186818,96375902.2,haryana,2020,3
1155,Merchant payments,34063692,21382305452,haryana,2020,4
1156,Peer-to-peer payments,33920789,1.28614E+11,haryana,2020,4
1157,Recharge & bill payments,14682896,9675471301,haryana,2020,4
1158,Financial Services,84881,103265693.8,haryana,2020,4
1159,Others,419181,223528573.1,haryana,2020,4
1160,Merchant payments,39363588,23389100227,haryana,2021,1
1161,Peer-to-peer payments,36764622,1.35971E+11,haryana,2021,1
1162,Recharge & bill payments,13680353,9260346909,haryana,2021,1
1163,Financial Services,79784,99672809.99,haryana,2021,1
1164,Others,364437,218544351.2,haryana,2021,1
1165,Merchant payments,45335533,29119078264,haryana,2021,2
1166,Peer-to-peer payments,44086559,1.61074E+11,haryana,2021,2
1167,Recharge & bill payments,15861047,9839496895,haryana,2021,2
1168,Financial Services,85821,97238136.1,haryana,2021,2
1169,Others,311896,227855607,haryana,2021,2
1170,Merchant payments,66885213,40190922827,haryana,2021,3
1171,Peer-to-peer payments,55929958,1.88549E+11,haryana,2021,3
1172,Recharge & bill payments,17087955,11681457469,haryana,2021,3
1173,Financial Services,77496,116592181.5,haryana,2021,3
1174,Others,479071,289441481.6,haryana,2021,3
1175,Merchant payments,84993587,56325102921,haryana,2021,4
1176,Peer-to-peer payments,66548306,2.38639E+11,haryana,2021,4
1177,Recharge & bill payments,17632752,13817258646,haryana,2021,4
1178,Financial Services,105050,151421306.6,haryana,2021,4
1179,Others,407280,307822609.2,haryana,2021,4
1180,Merchant payments,98346418,62565728158,haryana,2022,1
1181,Peer-to-peer payments,74499889,2.63547E+11,haryana,2022,1
1182,Recharge & bill payments,18494827,14765350796,haryana,2022,1
1183,Financial Services,107240,146586164.6,haryana,2022,1
1184,Others,540235,279136534.2,haryana,2022,1
1185,Merchant payments,130033573,76926347116,haryana,2022,2
1186,Peer-to-peer payments,84219451,3.00505E+11,haryana,2022,2
1187,Recharge & bill payments,20011709,17457331653,haryana,2022,2
1188,Financial Services,89805,120610061.5,haryana,2022,2
1189,Others,345424,224949213.5,haryana,2022,2
1190,Merchant payments,151278013,87063736520,haryana,2022,3
1191,Peer-to-peer payments,95071203,3.19375E+11,haryana,2022,3
1192,Recharge & bill payments,22592966,21247984019,haryana,2022,3
1193,Financial Services,111032,144937203.3,haryana,2022,3
1194,Others,308596,223267730.3,haryana,2022,3
1195,Merchant payments,169685872,1.02918E+11,haryana,2022,4
1196,Peer-to-peer payments,102993798,3.64514E+11,haryana,2022,4
1197,Recharge & bill payments,23545059,22666085170,haryana,2022,4
1198,Financial Services,118488,152488075,haryana,2022,4
1199,Others,305148,239722615.9,haryana,2022,4
1200,Recharge & bill payments,284371,49871175.83,himachal-pradesh,2018,1
1201,Peer-to-peer payments,154572,546222027.5,himachal-pradesh,2018,1
1202,Merchant payments,13241,13851230.83,himachal-pradesh,2018,1
1203,Financial Services,8955,2040522.725,himachal-pradesh,2018,1
1204,Others,20779,16752849.5,himachal-pradesh,2018,1
1205,Recharge & bill payments,385642,83714322.41,himachal-pradesh,2018,2
1206,Peer-to-peer payments,243436,1043702964,himachal-pradesh,2018,2
1207,Merchant payments,27851,31961300.88,himachal-pradesh,2018,2
1208,Financial Services,11330,4108919.308,himachal-pradesh,2018,2
1209,Others,19436,19681794.6,himachal-pradesh,2018,2
1210,Recharge & bill payments,457449,108456077.5,himachal-pradesh,2018,3
1211,Peer-to-peer payments,362755,1596570995,himachal-pradesh,2018,3
1212,Merchant payments,40675,31168155.22,himachal-pradesh,2018,3
1213,Financial Services,8182,1552275.054,himachal-pradesh,2018,3
1214,Others,17693,16293930.08,himachal-pradesh,2018,3
1215,Recharge & bill payments,598325,143031082.4,himachal-pradesh,2018,4
1216,Peer-to-peer payments,590518,2367228879,himachal-pradesh,2018,4
1217,Merchant payments,86963,87575811.8,himachal-pradesh,2018,4
1218,Financial Services,11834,2283052.791,himachal-pradesh,2018,4
1219,Others,20243,21180141.66,himachal-pradesh,2018,4
1220,Peer-to-peer payments,1178280,3066233588,himachal-pradesh,2019,1
1221,Recharge & bill payments,844570,209521987,himachal-pradesh,2019,1
1222,Merchant payments,115553,86624660.31,himachal-pradesh,2019,1
1223,Financial Services,9585,1424229.999,himachal-pradesh,2019,1
1224,Others,20730,17676977.72,himachal-pradesh,2019,1
1225,Peer-to-peer payments,1141873,4428007671,himachal-pradesh,2019,2
1226,Recharge & bill payments,1076793,279864580,himachal-pradesh,2019,2
1227,Merchant payments,248517,141088575.9,himachal-pradesh,2019,2
1228,Financial Services,5013,1453651.535,himachal-pradesh,2019,2
1229,Others,30110,25469495.27,himachal-pradesh,2019,2
1230,Recharge & bill payments,1212659,327570067,himachal-pradesh,2019,3
1231,Peer-to-peer payments,1181680,5039276845,himachal-pradesh,2019,3
1232,Merchant payments,312575,182746198.2,himachal-pradesh,2019,3
1233,Financial Services,3096,1775673.971,himachal-pradesh,2019,3
1234,Others,25170,20649996.7,himachal-pradesh,2019,3
1235,Peer-to-peer payments,1579582,6533855301,himachal-pradesh,2019,4
1236,Recharge & bill payments,1442940,402619115,himachal-pradesh,2019,4
1237,Merchant payments,467309,314965060.6,himachal-pradesh,2019,4
1238,Financial Services,4576,1769641.967,himachal-pradesh,2019,4
1239,Others,22239,17954418.58,himachal-pradesh,2019,4
1240,Recharge & bill payments,1815157,542356757,himachal-pradesh,2020,1
1241,Peer-to-peer payments,1594806,6431826925,himachal-pradesh,2020,1
1242,Merchant payments,711018,427497010.1,himachal-pradesh,2020,1
1243,Financial Services,4711,3172303.69,himachal-pradesh,2020,1
1244,Others,18788,14613755.24,himachal-pradesh,2020,1
1245,Recharge & bill payments,2558935,802231470.2,himachal-pradesh,2020,2
1246,Peer-to-peer payments,1544488,6738488219,himachal-pradesh,2020,2
1247,Merchant payments,570031,479165630.6,himachal-pradesh,2020,2
1248,Financial Services,7634,7359757.738,himachal-pradesh,2020,2
1249,Others,14642,9659685.393,himachal-pradesh,2020,2
1250,Recharge & bill payments,2416395,834567922.3,himachal-pradesh,2020,3
1251,Peer-to-peer payments,1954492,8806586537,himachal-pradesh,2020,3
1252,Merchant payments,1090445,851539467.3,himachal-pradesh,2020,3
1253,Financial Services,9543,11391079.29,himachal-pradesh,2020,3
1254,Others,19001,11969008.53,himachal-pradesh,2020,3
1255,Recharge & bill payments,2638030,936305777.7,himachal-pradesh,2020,4
1256,Peer-to-peer payments,2594659,11426268857,himachal-pradesh,2020,4
1257,Merchant payments,2001259,1589433440,himachal-pradesh,2020,4
1258,Financial Services,11353,15534252.22,himachal-pradesh,2020,4
1259,Others,27027,21510781.37,himachal-pradesh,2020,4
1260,Peer-to-peer payments,2845733,11358078844,himachal-pradesh,2021,1
1261,Recharge & bill payments,2547359,948929031.6,himachal-pradesh,2021,1
1262,Merchant payments,2186946,1778219851,himachal-pradesh,2021,1
1263,Financial Services,12561,16554205.5,himachal-pradesh,2021,1
1264,Others,21430,18764977.93,himachal-pradesh,2021,1
1265,Peer-to-peer payments,3340531,13035543547,himachal-pradesh,2021,2
1266,Recharge & bill payments,3216602,1045789842,himachal-pradesh,2021,2
1267,Merchant payments,2883209,2378084375,himachal-pradesh,2021,2
1268,Financial Services,14642,16428390.62,himachal-pradesh,2021,2
1269,Others,28918,19788385.41,himachal-pradesh,2021,2
1270,Peer-to-peer payments,4455153,16560383923,himachal-pradesh,2021,3
1271,Merchant payments,4198808,3524434950,himachal-pradesh,2021,3
1272,Recharge & bill payments,3359406,1178802737,himachal-pradesh,2021,3
1273,Financial Services,14497,22805774.6,himachal-pradesh,2021,3
1274,Others,36303,23834687.16,himachal-pradesh,2021,3
1275,Merchant payments,6062931,5228613147,himachal-pradesh,2021,4
1276,Peer-to-peer payments,5323397,19568394325,himachal-pradesh,2021,4
1277,Recharge & bill payments,3211367,1278824362,himachal-pradesh,2021,4
1278,Financial Services,18198,24809740.71,himachal-pradesh,2021,4
1279,Others,50971,35578926.75,himachal-pradesh,2021,4
1280,Merchant payments,7030946,5558905678,himachal-pradesh,2022,1
1281,Peer-to-peer payments,5718936,19473276901,himachal-pradesh,2022,1
1282,Recharge & bill payments,3271665,1429960687,himachal-pradesh,2022,1
1283,Financial Services,19314,24442138.15,himachal-pradesh,2022,1
1284,Others,47319,31862035.71,himachal-pradesh,2022,1
1285,Merchant payments,10591420,7697399368,himachal-pradesh,2022,2
1286,Peer-to-peer payments,7109948,24407668318,himachal-pradesh,2022,2
1287,Recharge & bill payments,3520538,1553155243,himachal-pradesh,2022,2
1288,Financial Services,16901,20627276.08,himachal-pradesh,2022,2
1289,Others,52564,30257752.66,himachal-pradesh,2022,2
1290,Merchant payments,12686960,8511266153,himachal-pradesh,2022,3
1291,Peer-to-peer payments,8330778,27039659316,himachal-pradesh,2022,3
1292,Recharge & bill payments,4083168,1780405740,himachal-pradesh,2022,3
1293,Financial Services,21293,22686931.87,himachal-pradesh,2022,3
1294,Others,42669,26764547.14,himachal-pradesh,2022,3
1295,Merchant payments,15297492,10280295884,himachal-pradesh,2022,4
1296,Peer-to-peer payments,9284824,29629346092,himachal-pradesh,2022,4
1297,Recharge & bill payments,3907023,1810538524,himachal-pradesh,2022,4
1298,Financial Services,24342,31775337.44,himachal-pradesh,2022,4
1299,Others,41455,27387394.98,himachal-pradesh,2022,4
1300,Recharge & bill payments,457813,78812610.35,jammu-&-kashmir,2018,1
1301,Peer-to-peer payments,353621,861670157.9,jammu-&-kashmir,2018,1
1302,Financial Services,65683,10269382.62,jammu-&-kashmir,2018,1
1303,Merchant payments,28696,30967525.64,jammu-&-kashmir,2018,1
1304,Others,35755,23651562.72,jammu-&-kashmir,2018,1
1305,Recharge & bill payments,794502,166762242.9,jammu-&-kashmir,2018,2
1306,Peer-to-peer payments,771844,2372961688,jammu-&-kashmir,2018,2
1307,Financial Services,112422,15636116.81,jammu-&-kashmir,2018,2
1308,Merchant payments,79248,64454257.53,jammu-&-kashmir,2018,2
1309,Others,38310,31391931.69,jammu-&-kashmir,2018,2
1310,Peer-to-peer payments,1260453,3616022746,jammu-&-kashmir,2018,3
1311,Recharge & bill payments,822143,203079955.3,jammu-&-kashmir,2018,3
1312,Merchant payments,140076,82826475.19,jammu-&-kashmir,2018,3
1313,Financial Services,44464,6397888.355,jammu-&-kashmir,2018,3
1314,Others,36825,26373935,jammu-&-kashmir,2018,3
1315,Peer-to-peer payments,1265457,5151829745,jammu-&-kashmir,2018,4
1316,Recharge & bill payments,970724,254473764,jammu-&-kashmir,2018,4
1317,Merchant payments,402303,215771001.5,jammu-&-kashmir,2018,4
1318,Financial Services,33775,6072177.152,jammu-&-kashmir,2018,4
1319,Others,49051,36573577.74,jammu-&-kashmir,2018,4
1320,Peer-to-peer payments,1913720,5414709532,jammu-&-kashmir,2019,1
1321,Recharge & bill payments,1131953,302663112.9,jammu-&-kashmir,2019,1
1322,Merchant payments,452379,199219534.9,jammu-&-kashmir,2019,1
1323,Financial Services,43247,4593545.202,jammu-&-kashmir,2019,1
1324,Others,43688,30649751.66,jammu-&-kashmir,2019,1
1325,Peer-to-peer payments,1180781,5666318253,jammu-&-kashmir,2019,2
1326,Recharge & bill payments,706569,215937468.9,jammu-&-kashmir,2019,2
1327,Merchant payments,353678,188931529.5,jammu-&-kashmir,2019,2
1328,Financial Services,22663,2652961.354,jammu-&-kashmir,2019,2
1329,Others,32664,26301988.32,jammu-&-kashmir,2019,2
1330,Peer-to-peer payments,618694,3499425218,jammu-&-kashmir,2019,3
1331,Recharge & bill payments,318061,111964437,jammu-&-kashmir,2019,3
1332,Merchant payments,165115,120736230.1,jammu-&-kashmir,2019,3
1333,Financial Services,2895,658515.8825,jammu-&-kashmir,2019,3
1334,Others,11761,11446090.82,jammu-&-kashmir,2019,3
1335,Peer-to-peer payments,310620,1799955856,jammu-&-kashmir,2019,4
1336,Merchant payments,91303,77859073.82,jammu-&-kashmir,2019,4
1337,Recharge & bill payments,84803,49065907.05,jammu-&-kashmir,2019,4
1338,Financial Services,197,213741.2862,jammu-&-kashmir,2019,4
1339,Others,3005,2601419.696,jammu-&-kashmir,2019,4
1340,Peer-to-peer payments,435154,2654638582,jammu-&-kashmir,2020,1
1341,Recharge & bill payments,341357,144213068.7,jammu-&-kashmir,2020,1
1342,Merchant payments,135241,131144419,jammu-&-kashmir,2020,1
1343,Financial Services,2350,2116665.118,jammu-&-kashmir,2020,1
1344,Others,7528,5530441.652,jammu-&-kashmir,2020,1
1345,Peer-to-peer payments,1238380,7426818530,jammu-&-kashmir,2020,2
1346,Recharge & bill payments,1028741,413037418.3,jammu-&-kashmir,2020,2
1347,Merchant payments,341375,403026357.8,jammu-&-kashmir,2020,2
1348,Financial Services,9130,10415041.34,jammu-&-kashmir,2020,2
1349,Others,17380,12351591.57,jammu-&-kashmir,2020,2
1350,Peer-to-peer payments,1787154,10837119047,jammu-&-kashmir,2020,3
1351,Recharge & bill payments,1005745,443743222.5,jammu-&-kashmir,2020,3
1352,Merchant payments,642688,667957476.4,jammu-&-kashmir,2020,3
1353,Financial Services,10111,13281733.8,jammu-&-kashmir,2020,3
1354,Others,20200,15128281.34,jammu-&-kashmir,2020,3
1355,Peer-to-peer payments,2378539,13736841260,jammu-&-kashmir,2020,4
1356,Recharge & bill payments,1900075,536741118.3,jammu-&-kashmir,2020,4
1357,Merchant payments,1377786,1045006123,jammu-&-kashmir,2020,4
1358,Financial Services,13578,17966592.7,jammu-&-kashmir,2020,4
1359,Others,84466,44350708.94,jammu-&-kashmir,2020,4
1360,Peer-to-peer payments,2800201,14801220301,jammu-&-kashmir,2021,1
1361,Recharge & bill payments,2554798,663747765.7,jammu-&-kashmir,2021,1
1362,Merchant payments,1527253,1605408313,jammu-&-kashmir,2021,1
1363,Financial Services,17276,20848657.86,jammu-&-kashmir,2021,1
1364,Others,98042,47124854.99,jammu-&-kashmir,2021,1
1365,Peer-to-peer payments,3955437,19502438178,jammu-&-kashmir,2021,2
1366,Recharge & bill payments,3568970,892467613.6,jammu-&-kashmir,2021,2
1367,Merchant payments,2378307,2343370986,jammu-&-kashmir,2021,2
1368,Financial Services,19432,21897796.19,jammu-&-kashmir,2021,2
1369,Others,105673,53580855.46,jammu-&-kashmir,2021,2
1370,Peer-to-peer payments,5621108,26562997915,jammu-&-kashmir,2021,3
1371,Recharge & bill payments,4192099,1126801385,jammu-&-kashmir,2021,3
1372,Merchant payments,3197489,3818849263,jammu-&-kashmir,2021,3
1373,Financial Services,16071,27585395.49,jammu-&-kashmir,2021,3
1374,Others,124274,62209689.34,jammu-&-kashmir,2021,3
1375,Peer-to-peer payments,6852001,31444247708,jammu-&-kashmir,2021,4
1376,Merchant payments,5399465,6026170896,jammu-&-kashmir,2021,4
1377,Recharge & bill payments,4358892,1334473410,jammu-&-kashmir,2021,4
1378,Financial Services,20269,34425387.52,jammu-&-kashmir,2021,4
1379,Others,160001,86920024.6,jammu-&-kashmir,2021,4
1380,Peer-to-peer payments,6263588,25881919929,jammu-&-kashmir,2022,1
1381,Merchant payments,5769426,5903944370,jammu-&-kashmir,2022,1
1382,Recharge & bill payments,4046350,1253753686,jammu-&-kashmir,2022,1
1383,Financial Services,20506,28915576.12,jammu-&-kashmir,2022,1
1384,Others,145441,79330065.64,jammu-&-kashmir,2022,1
1385,Merchant payments,9917899,8541811640,jammu-&-kashmir,2022,2
1386,Peer-to-peer payments,8948548,35973490941,jammu-&-kashmir,2022,2
1387,Recharge & bill payments,4759941,1631580784,jammu-&-kashmir,2022,2
1388,Financial Services,17495,23857762.1,jammu-&-kashmir,2022,2
1389,Others,169864,83549709.69,jammu-&-kashmir,2022,2
1390,Merchant payments,9594459,8056512905,jammu-&-kashmir,2022,3
1391,Peer-to-peer payments,8391981,31280124358,jammu-&-kashmir,2022,3
1392,Recharge & bill payments,4397779,1538833024,jammu-&-kashmir,2022,3
1393,Financial Services,16502,21281997.61,jammu-&-kashmir,2022,3
1394,Others,133673,66802218.33,jammu-&-kashmir,2022,3
1395,Merchant payments,13060020,9463119177,jammu-&-kashmir,2022,4
1396,Peer-to-peer payments,9209773,33017162450,jammu-&-kashmir,2022,4
1397,Recharge & bill payments,4885856,1738113554,jammu-&-kashmir,2022,4
1398,Financial Services,17803,26804683.93,jammu-&-kashmir,2022,4
1399,Others,142706,70096050.9,jammu-&-kashmir,2022,4
1400,Recharge & bill payments,1095857,132181815.3,jharkhand,2018,1
1401,Peer-to-peer payments,809459,2036315436,jharkhand,2018,1
1402,Financial Services,107755,45483178.1,jharkhand,2018,1
1403,Merchant payments,66299,66465337.51,jharkhand,2018,1
1404,Others,99551,93740623.36,jharkhand,2018,1
1405,Recharge & bill payments,1398777,208894647.8,jharkhand,2018,2
1406,Peer-to-peer payments,1375872,4205862517,jharkhand,2018,2
1407,Financial Services,160637,65554548.25,jharkhand,2018,2
1408,Merchant payments,130339,138889079.2,jharkhand,2018,2
1409,Others,86455,102374867.1,jharkhand,2018,2
1410,Peer-to-peer payments,6003688,8142915751,jharkhand,2018,3
1411,Recharge & bill payments,1539476,256930062.2,jharkhand,2018,3
1412,Merchant payments,287427,155059935,jharkhand,2018,3
1413,Financial Services,216343,38182603.58,jharkhand,2018,3
1414,Others,75687,68483065.68,jharkhand,2018,3
1415,Peer-to-peer payments,3325473,9414019817,jharkhand,2018,4
1416,Recharge & bill payments,1885135,328077093.5,jharkhand,2018,4
1417,Merchant payments,845956,373435992.5,jharkhand,2018,4
1418,Financial Services,136918,36357465.52,jharkhand,2018,4
1419,Others,90561,90026272.84,jharkhand,2018,4
1420,Peer-to-peer payments,5952105,12664709652,jharkhand,2019,1
1421,Recharge & bill payments,2347079,440323945.1,jharkhand,2019,1
1422,Merchant payments,892826,391616776.1,jharkhand,2019,1
1423,Financial Services,105558,47227410.81,jharkhand,2019,1
1424,Others,90140,83358664.95,jharkhand,2019,1
1425,Peer-to-peer payments,5155937,17044444614,jharkhand,2019,2
1426,Recharge & bill payments,2734377,562210324.8,jharkhand,2019,2
1427,Merchant payments,2049311,862186711.5,jharkhand,2019,2
1428,Financial Services,67479,51588987.16,jharkhand,2019,2
1429,Others,121107,102270668.2,jharkhand,2019,2
1430,Peer-to-peer payments,5708187,19050145624,jharkhand,2019,3
1431,Merchant payments,4766457,1494546031,jharkhand,2019,3
1432,Recharge & bill payments,3527625,754845093.6,jharkhand,2019,3
1433,Financial Services,103620,80276391.65,jharkhand,2019,3
1434,Others,114758,86160853.19,jharkhand,2019,3
1435,Peer-to-peer payments,10301226,25360155657,jharkhand,2019,4
1436,Recharge & bill payments,4390094,966539484.6,jharkhand,2019,4
1437,Merchant payments,3359590,1725990596,jharkhand,2019,4
1438,Financial Services,104630,45850806.13,jharkhand,2019,4
1439,Others,93078,49211833.16,jharkhand,2019,4
1440,Peer-to-peer payments,8196850,29875044416,jharkhand,2020,1
1441,Recharge & bill payments,5454093,1358517297,jharkhand,2020,1
1442,Merchant payments,4499942,2298726415,jharkhand,2020,1
1443,Financial Services,46483,31523887.51,jharkhand,2020,1
1444,Others,85345,47420137.75,jharkhand,2020,1
1445,Peer-to-peer payments,8724053,32662370317,jharkhand,2020,2
1446,Recharge & bill payments,7538593,1987320467,jharkhand,2020,2
1447,Merchant payments,3753633,2662438204,jharkhand,2020,2
1448,Financial Services,56553,130249402,jharkhand,2020,2
1449,Others,68679,43823586.28,jharkhand,2020,2
1450,Peer-to-peer payments,11984094,43128110246,jharkhand,2020,3
1451,Merchant payments,7728846,5163578368,jharkhand,2020,3
1452,Recharge & bill payments,7211293,2217657035,jharkhand,2020,3
1453,Financial Services,56918,63233533.19,jharkhand,2020,3
1454,Others,87322,50036637.65,jharkhand,2020,3
1455,Peer-to-peer payments,17120664,60733288288,jharkhand,2020,4
1456,Merchant payments,14168381,9347677564,jharkhand,2020,4
1457,Recharge & bill payments,7945996,2582828439,jharkhand,2020,4
1458,Financial Services,60989,63947540,jharkhand,2020,4
1459,Others,135603,77432999.36,jharkhand,2020,4
1460,Peer-to-peer payments,19151083,69198235577,jharkhand,2021,1
1461,Merchant payments,17489113,11545580927,jharkhand,2021,1
1462,Recharge & bill payments,7826608,2888409672,jharkhand,2021,1
1463,Financial Services,50526,54836609.33,jharkhand,2021,1
1464,Others,104333,62290337.7,jharkhand,2021,1
1465,Peer-to-peer payments,24184568,86037113965,jharkhand,2021,2
1466,Merchant payments,19041292,14731458451,jharkhand,2021,2
1467,Recharge & bill payments,10583445,3531023352,jharkhand,2021,2
1468,Financial Services,54379,57959229.95,jharkhand,2021,2
1469,Others,138461,75088312.27,jharkhand,2021,2
1470,Peer-to-peer payments,30113326,97742557032,jharkhand,2021,3
1471,Merchant payments,29687162,19954619973,jharkhand,2021,3
1472,Recharge & bill payments,10742405,4029136912,jharkhand,2021,3
1473,Financial Services,51289,65035270.31,jharkhand,2021,3
1474,Others,201520,99665931.84,jharkhand,2021,3
1475,Merchant payments,45007900,30397134744,jharkhand,2021,4
1476,Peer-to-peer payments,39476282,1.30462E+11,jharkhand,2021,4
1477,Recharge & bill payments,11173974,4920513758,jharkhand,2021,4
1478,Financial Services,72802,82938673.41,jharkhand,2021,4
1479,Others,278084,154856720.6,jharkhand,2021,4
1480,Merchant payments,53218047,35404682303,jharkhand,2022,1
1481,Peer-to-peer payments,45881799,1.53327E+11,jharkhand,2022,1
1482,Recharge & bill payments,11502811,5765898872,jharkhand,2022,1
1483,Financial Services,67502,72095750.38,jharkhand,2022,1
1484,Others,241051,130193505.4,jharkhand,2022,1
1485,Merchant payments,67435024,44149892984,jharkhand,2022,2
1486,Peer-to-peer payments,52086790,1.75209E+11,jharkhand,2022,2
1487,Recharge & bill payments,13145888,6119623547,jharkhand,2022,2
1488,Financial Services,50361,53281830.62,jharkhand,2022,2
1489,Others,207212,104530269,jharkhand,2022,2
1490,Merchant payments,74816586,45850919744,jharkhand,2022,3
1491,Peer-to-peer payments,57285937,1.76549E+11,jharkhand,2022,3
1492,Recharge & bill payments,14462031,6838978157,jharkhand,2022,3
1493,Financial Services,68467,69016067.83,jharkhand,2022,3
1494,Others,182311,104503812.7,jharkhand,2022,3
1495,Merchant payments,91863987,57173653532,jharkhand,2022,4
1496,Peer-to-peer payments,68045210,2.12954E+11,jharkhand,2022,4
1497,Recharge & bill payments,15110623,7625380765,jharkhand,2022,4
1498,Financial Services,81074,89276259.67,jharkhand,2022,4
1499,Others,199198,129776494.9,jharkhand,2022,4
1500,Recharge & bill payments,5785292,1496816542,karnataka,2018,1
1501,Peer-to-peer payments,4456528,16522277460,karnataka,2018,1
1502,Merchant payments,1089627,696586489.3,karnataka,2018,1
1503,Financial Services,159848,52664837.41,karnataka,2018,1
1504,Others,525604,449549985.2,karnataka,2018,1
1505,Recharge & bill payments,7391926,2435924808,karnataka,2018,2
1506,Peer-to-peer payments,7164836,29135024501,karnataka,2018,2
1507,Merchant payments,1874383,1361967205,karnataka,2018,2
1508,Financial Services,194363,93244737.61,karnataka,2018,2
1509,Others,490939,489418829.4,karnataka,2018,2
1510,Peer-to-peer payments,12863507,42819128165,karnataka,2018,3
1511,Recharge & bill payments,8674172,3019156590,karnataka,2018,3
1512,Merchant payments,3638065,1879406581,karnataka,2018,3
1513,Financial Services,205740,50726023.4,karnataka,2018,3
1514,Others,598777,456674396.3,karnataka,2018,3
1515,Peer-to-peer payments,20471744,63575342228,karnataka,2018,4
1516,Merchant payments,11812478,4751317555,karnataka,2018,4
1517,Recharge & bill payments,11426205,4030978295,karnataka,2018,4
1518,Financial Services,289353,71134704.79,karnataka,2018,4
1519,Others,812291,579613793.3,karnataka,2018,4
1520,Peer-to-peer payments,44049036,1.04118E+11,karnataka,2019,1
1521,Merchant payments,24491960,7076613844,karnataka,2019,1
1522,Recharge & bill payments,16981941,6217689430,karnataka,2019,1
1523,Financial Services,293728,51023386.15,karnataka,2019,1
1524,Others,770944,512618725.8,karnataka,2019,1
1525,Peer-to-peer payments,50033334,1.42911E+11,karnataka,2019,2
1526,Merchant payments,44848593,12338599109,karnataka,2019,2
1527,Recharge & bill payments,19283028,7745156563,karnataka,2019,2
1528,Financial Services,140353,44871623.83,karnataka,2019,2
1529,Others,1096296,662690676.7,karnataka,2019,2
1530,Merchant payments,76924325,20375791902,karnataka,2019,3
1531,Peer-to-peer payments,67784880,1.83163E+11,karnataka,2019,3
1532,Recharge & bill payments,24339891,10208179942,karnataka,2019,3
1533,Financial Services,189716,57194690.69,karnataka,2019,3
1534,Others,1494923,732228821.1,karnataka,2019,3
1535,Merchant payments,114044901,31602890836,karnataka,2019,4
1536,Peer-to-peer payments,93311589,2.50563E+11,karnataka,2019,4
1537,Recharge & bill payments,28862161,12183568521,karnataka,2019,4
1538,Financial Services,101937,51145982.18,karnataka,2019,4
1539,Others,1475664,646673755.4,karnataka,2019,4
1540,Merchant payments,132970737,40374401934,karnataka,2020,1
1541,Peer-to-peer payments,100868460,2.97635E+11,karnataka,2020,1
1542,Recharge & bill payments,35854971,14724886028,karnataka,2020,1
1543,Financial Services,93648,110130184.7,karnataka,2020,1
1544,Others,1246074,557335296.8,karnataka,2020,1
1545,Merchant payments,87251639,38463881234,karnataka,2020,2
1546,Peer-to-peer payments,82118363,2.65767E+11,karnataka,2020,2
1547,Recharge & bill payments,43290272,16434890228,karnataka,2020,2
1548,Financial Services,161560,246367207.1,karnataka,2020,2
1549,Others,399878,192530880.2,karnataka,2020,2
1550,Merchant payments,137206600,60769881812,karnataka,2020,3
1551,Peer-to-peer payments,119241776,3.90432E+11,karnataka,2020,3
1552,Recharge & bill payments,43139631,18911088811,karnataka,2020,3
1553,Financial Services,251980,358426106,karnataka,2020,3
1554,Others,520544,268744139.7,karnataka,2020,3
1555,Merchant payments,215711211,97147239183,karnataka,2020,4
1556,Peer-to-peer payments,166981242,5.38341E+11,karnataka,2020,4
1557,Recharge & bill payments,47736461,21611671359,karnataka,2020,4
1558,Financial Services,284700,427966918.9,karnataka,2020,4
1559,Others,823370,508863332.4,karnataka,2020,4
1560,Merchant payments,279599017,1.1796E+11,karnataka,2021,1
1561,Peer-to-peer payments,190894164,6.10937E+11,karnataka,2021,1
1562,Recharge & bill payments,52261651,25111731676,karnataka,2021,1
1563,Financial Services,297710,475815041.8,karnataka,2021,1
1564,Others,744950,511117233.2,karnataka,2021,1
1565,Merchant payments,244460862,1.24624E+11,karnataka,2021,2
1566,Peer-to-peer payments,216539959,6.84036E+11,karnataka,2021,2
1567,Recharge & bill payments,68599238,28272314719,karnataka,2021,2
1568,Financial Services,304779,456933674,karnataka,2021,2
1569,Others,744208,497736717.5,karnataka,2021,2
1570,Merchant payments,391381353,1.90563E+11,karnataka,2021,3
1571,Peer-to-peer payments,288462867,9.08139E+11,karnataka,2021,3
1572,Recharge & bill payments,72168311,33386709061,karnataka,2021,3
1573,Financial Services,286685,508051800.9,karnataka,2021,3
1574,Others,997323,637927036.9,karnataka,2021,3
1575,Merchant payments,503210623,2.43755E+11,karnataka,2021,4
1576,Peer-to-peer payments,350032663,1.09095E+12,karnataka,2021,4
1577,Recharge & bill payments,76826701,39294350717,karnataka,2021,4
1578,Financial Services,365769,574240588.2,karnataka,2021,4
1579,Others,1289682,896608692.1,karnataka,2021,4
1580,Merchant payments,588543313,2.7811E+11,karnataka,2022,1
1581,Peer-to-peer payments,389491586,1.2432E+12,karnataka,2022,1
1582,Recharge & bill payments,78206453,43891305257,karnataka,2022,1
1583,Financial Services,384922,624857963.4,karnataka,2022,1
1584,Others,1229133,824344937.1,karnataka,2022,1
1585,Merchant payments,735295388,3.58016E+11,karnataka,2022,2
1586,Peer-to-peer payments,449723751,1.45733E+12,karnataka,2022,2
1587,Recharge & bill payments,91137091,50583781089,karnataka,2022,2
1588,Financial Services,351688,545330283.2,karnataka,2022,2
1589,Others,941042,670434289.9,karnataka,2022,2
1590,Merchant payments,704609552,3.33606E+11,karnataka,2022,3
1591,Peer-to-peer payments,404084880,1.2826E+12,karnataka,2022,3
1592,Recharge & bill payments,79979546,48539011844,karnataka,2022,3
1593,Financial Services,361312,558132533.4,karnataka,2022,3
1594,Others,726038,610455785.7,karnataka,2022,3
1595,Merchant payments,830157371,3.80644E+11,karnataka,2022,4
1596,Peer-to-peer payments,460041715,1.46809E+12,karnataka,2022,4
1597,Recharge & bill payments,87517348,54445900607,karnataka,2022,4
1598,Financial Services,426795,650217624.1,karnataka,2022,4
1599,Others,767142,689145506.8,karnataka,2022,4
1600,Recharge & bill payments,988774,157311821.4,kerala,2018,1
1601,Peer-to-peer payments,600205,2107288314,kerala,2018,1
1602,Merchant payments,72164,82919383.05,kerala,2018,1
1603,Financial Services,40170,7957491.902,kerala,2018,1
1604,Others,70067,47197742.47,kerala,2018,1
1605,Recharge & bill payments,1230869,248080143.3,kerala,2018,2
1606,Peer-to-peer payments,848291,3436199589,kerala,2018,2
1607,Merchant payments,131217,144501582,kerala,2018,2
1608,Financial Services,41100,12355589.34,kerala,2018,2
1609,Others,56688,45786439.72,kerala,2018,2
1610,Peer-to-peer payments,1425259,4823239268,kerala,2018,3
1611,Recharge & bill payments,1407588,296352497.3,kerala,2018,3
1612,Merchant payments,210974,160705488.6,kerala,2018,3
1613,Financial Services,37286,6170643.388,kerala,2018,3
1614,Others,53241,36557326.26,kerala,2018,3
1615,Peer-to-peer payments,2073960,6959805155,kerala,2018,4
1616,Recharge & bill payments,1679897,351296525.3,kerala,2018,4
1617,Merchant payments,417114,378857199.6,kerala,2018,4
1618,Financial Services,75084,10063656.73,kerala,2018,4
1619,Others,64599,47338700.57,kerala,2018,4
1620,Peer-to-peer payments,3601116,9314451112,kerala,2019,1
1621,Recharge & bill payments,2180915,498453895.9,kerala,2019,1
1622,Merchant payments,550707,371997848.2,kerala,2019,1
1623,Financial Services,77652,7808573.898,kerala,2019,1
1624,Others,58649,42319704.72,kerala,2019,1
1625,Peer-to-peer payments,3519528,11630623424,kerala,2019,2
1626,Recharge & bill payments,2711299,768892057.8,kerala,2019,2
1627,Merchant payments,937130,569545843,kerala,2019,2
1628,Financial Services,38869,5823291.623,kerala,2019,2
1629,Others,77000,56486944.63,kerala,2019,2
1630,Peer-to-peer payments,4181954,14433990011,kerala,2019,3
1631,Recharge & bill payments,3431236,1051007778,kerala,2019,3
1632,Merchant payments,1497029,879510566.1,kerala,2019,3
1633,Financial Services,96130,8910528.723,kerala,2019,3
1634,Others,79747,56390837.6,kerala,2019,3
1635,Peer-to-peer payments,5859068,18537483865,kerala,2019,4
1636,Recharge & bill payments,4097032,1287955352,kerala,2019,4
1637,Merchant payments,2418428,1268704040,kerala,2019,4
1638,Financial Services,50728,10816332.76,kerala,2019,4
1639,Others,73381,46367047.83,kerala,2019,4
1640,Peer-to-peer payments,6634439,22862907702,kerala,2020,1
1641,Recharge & bill payments,5507580,1716538277,kerala,2020,1
1642,Merchant payments,3485036,1810329140,kerala,2020,1
1643,Financial Services,38050,17160614.59,kerala,2020,1
1644,Others,68417,44149097.18,kerala,2020,1
1645,Recharge & bill payments,7709714,2452435029,kerala,2020,2
1646,Peer-to-peer payments,5603046,21309983655,kerala,2020,2
1647,Merchant payments,2888260,2075701451,kerala,2020,2
1648,Financial Services,40501,32921115.85,kerala,2020,2
1649,Others,46446,23037227.73,kerala,2020,2
1650,Peer-to-peer payments,8590587,33346812214,kerala,2020,3
1651,Recharge & bill payments,7932950,2688361345,kerala,2020,3
1652,Merchant payments,5065205,4016995194,kerala,2020,3
1653,Financial Services,94130,76828720.82,kerala,2020,3
1654,Others,75808,35153178.52,kerala,2020,3
1655,Peer-to-peer payments,12941135,45686395928,kerala,2020,4
1656,Merchant payments,10990709,7695667407,kerala,2020,4
1657,Recharge & bill payments,9167428,3238199948,kerala,2020,4
1658,Financial Services,73833,69202344.44,kerala,2020,4
1659,Others,115082,65791020.58,kerala,2020,4
1660,Peer-to-peer payments,16209203,55336812493,kerala,2021,1
1661,Merchant payments,16105923,10058436408,kerala,2021,1
1662,Recharge & bill payments,9837385,3732534739,kerala,2021,1
1663,Financial Services,68012,69655547.76,kerala,2021,1
1664,Others,95819,63530974.16,kerala,2021,1
1665,Peer-to-peer payments,17026648,58152644526,kerala,2021,2
1666,Merchant payments,16135060,11263178336,kerala,2021,2
1667,Recharge & bill payments,13809151,4645548910,kerala,2021,2
1668,Financial Services,88830,88370679.95,kerala,2021,2
1669,Others,131344,77063984.38,kerala,2021,2
1670,Merchant payments,25402350,17877677018,kerala,2021,3
1671,Peer-to-peer payments,23378091,78598482306,kerala,2021,3
1672,Recharge & bill payments,13979407,5008396079,kerala,2021,3
1673,Financial Services,85730,101460242.3,kerala,2021,3
1674,Others,182688,100146127.6,kerala,2021,3
1675,Merchant payments,38574904,24589454633,kerala,2021,4
1676,Peer-to-peer payments,29075528,92774490035,kerala,2021,4
1677,Recharge & bill payments,13781815,5689390023,kerala,2021,4
1678,Financial Services,108232,128238698.7,kerala,2021,4
1679,Others,283262,160563553.8,kerala,2021,4
1680,Merchant payments,47778743,28685388646,kerala,2022,1
1681,Peer-to-peer payments,33089518,1.04623E+11,kerala,2022,1
1682,Recharge & bill payments,14042317,6373570716,kerala,2022,1
1683,Financial Services,134370,158926455.9,kerala,2022,1
1684,Others,236017,147786423.1,kerala,2022,1
1685,Merchant payments,55730158,34395023156,kerala,2022,2
1686,Peer-to-peer payments,35630060,1.12814E+11,kerala,2022,2
1687,Recharge & bill payments,14701207,7230489227,kerala,2022,2
1688,Financial Services,110336,133436809.9,kerala,2022,2
1689,Others,193561,123664236.9,kerala,2022,2
1690,Merchant payments,64984061,37852759990,kerala,2022,3
1691,Peer-to-peer payments,38774832,1.16414E+11,kerala,2022,3
1692,Recharge & bill payments,15289755,7709237374,kerala,2022,3
1693,Financial Services,146673,162861560.1,kerala,2022,3
1694,Others,167583,121557246.1,kerala,2022,3
1695,Merchant payments,74647115,40607857086,kerala,2022,4
1696,Peer-to-peer payments,42471676,1.24565E+11,kerala,2022,4
1697,Recharge & bill payments,15520670,8075692517,kerala,2022,4
1698,Financial Services,164334,191307058.1,kerala,2022,4
1699,Others,156673,120224235,kerala,2022,4
1700,Recharge & bill payments,3550,927250.7144,ladakh,2018,1
1701,Peer-to-peer payments,1752,10767804,ladakh,2018,1
1702,Merchant payments,320,369327.6256,ladakh,2018,1
1703,Financial Services,132,274283.1758,ladakh,2018,1
1704,Others,335,194192.2558,ladakh,2018,1
1705,Recharge & bill payments,8075,2417434.273,ladakh,2018,2
1706,Peer-to-peer payments,5667,42638443.12,ladakh,2018,2
1707,Merchant payments,724,1761366.296,ladakh,2018,2
1708,Financial Services,151,127324.628,ladakh,2018,2
1709,Others,393,390334.2205,ladakh,2018,2
1710,Recharge & bill payments,13136,4676712.344,ladakh,2018,3
1711,Peer-to-peer payments,10133,77085890.57,ladakh,2018,3
1712,Merchant payments,1168,2016579.251,ladakh,2018,3
1713,Financial Services,84,69317.12288,ladakh,2018,3
1714,Others,343,242477.8533,ladakh,2018,3
1715,Recharge & bill payments,16650,5701932.895,ladakh,2018,4
1716,Peer-to-peer payments,15939,123611779.6,ladakh,2018,4
1717,Merchant payments,1881,5082666.821,ladakh,2018,4
1718,Financial Services,142,94604.73392,ladakh,2018,4
1719,Others,599,1031858.453,ladakh,2018,4
1720,Peer-to-peer payments,22076,139715922.2,ladakh,2019,1
1721,Recharge & bill payments,20014,7186109.182,ladakh,2019,1
1722,Merchant payments,3238,4967122.5,ladakh,2019,1
1723,Financial Services,114,111851.0286,ladakh,2019,1
1724,Others,703,878916.0496,ladakh,2019,1
1725,Peer-to-peer payments,34202,240305709.9,ladakh,2019,2
1726,Recharge & bill payments,25357,10116773.37,ladakh,2019,2
1727,Merchant payments,8220,7726519.368,ladakh,2019,2
1728,Financial Services,86,113767.0977,ladakh,2019,2
1729,Others,907,992737.2376,ladakh,2019,2
1730,Peer-to-peer payments,43198,303596367.7,ladakh,2019,3
1731,Recharge & bill payments,41491,18054746.12,ladakh,2019,3
1732,Merchant payments,6963,8096082.971,ladakh,2019,3
1733,Financial Services,48,148633.2947,ladakh,2019,3
1734,Others,696,1233697.127,ladakh,2019,3
1735,Peer-to-peer payments,42095,298044908.5,ladakh,2019,4
1736,Recharge & bill payments,35467,16510212.1,ladakh,2019,4
1737,Merchant payments,6522,8717893.9,ladakh,2019,4
1738,Financial Services,46,162760.6325,ladakh,2019,4
1739,Others,576,1253584.887,ladakh,2019,4
1740,Peer-to-peer payments,51560,339551900.4,ladakh,2020,1
1741,Recharge & bill payments,49801,23010664.72,ladakh,2020,1
1742,Merchant payments,14264,13338124.27,ladakh,2020,1
1743,Financial Services,204,583108.9455,ladakh,2020,1
1744,Others,590,1155879.121,ladakh,2020,1
1745,Recharge & bill payments,70601,32087339.27,ladakh,2020,2
1746,Peer-to-peer payments,68450,470749365.1,ladakh,2020,2
1747,Merchant payments,15132,19679330.19,ladakh,2020,2
1748,Financial Services,337,786069.1631,ladakh,2020,2
1749,Others,490,490894.9382,ladakh,2020,2
1750,Peer-to-peer payments,108345,751333715.3,ladakh,2020,3
1751,Recharge & bill payments,81623,40380074.55,ladakh,2020,3
1752,Merchant payments,36861,40538778.76,ladakh,2020,3
1753,Financial Services,621,2334917.783,ladakh,2020,3
1754,Others,772,900013.6787,ladakh,2020,3
1755,Peer-to-peer payments,151582,985814864.3,ladakh,2020,4
1756,Recharge & bill payments,94133,44185250.86,ladakh,2020,4
1757,Merchant payments,83868,77511378.31,ladakh,2020,4
1758,Financial Services,729,1965054.59,ladakh,2020,4
1759,Others,1822,2486922.404,ladakh,2020,4
1760,Peer-to-peer payments,141894,869999786.2,ladakh,2021,1
1761,Recharge & bill payments,72719,35459532.41,ladakh,2021,1
1762,Merchant payments,58875,74977913.47,ladakh,2021,1
1763,Financial Services,629,1455016.148,ladakh,2021,1
1764,Others,1298,1527565.063,ladakh,2021,1
1765,Peer-to-peer payments,209818,1259044412,ladakh,2021,2
1766,Recharge & bill payments,95458,44754721.83,ladakh,2021,2
1767,Merchant payments,92078,119608470,ladakh,2021,2
1768,Financial Services,755,1756762.147,ladakh,2021,2
1769,Others,1607,2094729.018,ladakh,2021,2
1770,Peer-to-peer payments,330919,1917311078,ladakh,2021,3
1771,Merchant payments,135108,233260756.5,ladakh,2021,3
1772,Recharge & bill payments,121856,58750081.82,ladakh,2021,3
1773,Financial Services,900,1911625.545,ladakh,2021,3
1774,Others,2204,2751201.937,ladakh,2021,3
1775,Peer-to-peer payments,337120,1804428550,ladakh,2021,4
1776,Merchant payments,169110,284786365.9,ladakh,2021,4
1777,Recharge & bill payments,120607,58403893.47,ladakh,2021,4
1778,Financial Services,912,3068708.947,ladakh,2021,4
1779,Others,2438,2847620.243,ladakh,2021,4
1780,Peer-to-peer payments,343041,1685241981,ladakh,2022,1
1781,Merchant payments,167100,279354509,ladakh,2022,1
1782,Recharge & bill payments,116486,56203999.29,ladakh,2022,1
1783,Financial Services,1247,2023327.678,ladakh,2022,1
1784,Others,2141,2217102.222,ladakh,2022,1
1785,Peer-to-peer payments,608870,2941624382,ladakh,2022,2
1786,Merchant payments,346146,508439376.7,ladakh,2022,2
1787,Recharge & bill payments,158996,88531677.99,ladakh,2022,2
1788,Financial Services,1585,2487560.185,ladakh,2022,2
1789,Others,2476,2235180.858,ladakh,2022,2
1790,Peer-to-peer payments,659896,2955729492,ladakh,2022,3
1791,Merchant payments,367022,551472983.9,ladakh,2022,3
1792,Recharge & bill payments,160269,94288872.35,ladakh,2022,3
1793,Financial Services,1555,1815866.896,ladakh,2022,3
1794,Others,2116,1892134.752,ladakh,2022,3
1795,Peer-to-peer payments,559259,2350047972,ladakh,2022,4
1796,Merchant payments,382456,462189599.3,ladakh,2022,4
1797,Recharge & bill payments,138793,79767790.99,ladakh,2022,4
1798,Financial Services,1248,1198715.212,ladakh,2022,4
1799,Others,1616,1273495.593,ladakh,2022,4
1800,Peer-to-peer payments,423,1860278.278,lakshadweep,2018,1
1801,Recharge & bill payments,342,61432.04939,lakshadweep,2018,1
1802,Merchant payments,5,590.7505138,lakshadweep,2018,1
1803,Others,8,6310.102519,lakshadweep,2018,1
1804,Peer-to-peer payments,1315,5757123.08,lakshadweep,2018,2
1805,Recharge & bill payments,750,353202.7989,lakshadweep,2018,2
1806,Merchant payments,42,64568.47789,lakshadweep,2018,2
1807,Financial Services,6,9134.413223,lakshadweep,2018,2
1808,Others,19,3780.769514,lakshadweep,2018,2
1809,Peer-to-peer payments,841,3926048.745,lakshadweep,2018,3
1810,Recharge & bill payments,760,300978.3242,lakshadweep,2018,3
1811,Merchant payments,87,94046.43333,lakshadweep,2018,3
1812,Others,15,17958.80957,lakshadweep,2018,3
1813,Recharge & bill payments,792,351201.0879,lakshadweep,2018,4
1814,Peer-to-peer payments,689,3841230.431,lakshadweep,2018,4
1815,Merchant payments,144,262079.8557,lakshadweep,2018,4
1816,Financial Services,6,389.8932324,lakshadweep,2018,4
1817,Others,11,8312.430483,lakshadweep,2018,4
1818,Peer-to-peer payments,1183,8221402.369,lakshadweep,2019,1
1819,Recharge & bill payments,1173,353870.524,lakshadweep,2019,1
1820,Merchant payments,113,183062.1456,lakshadweep,2019,1
1821,Others,12,27795.44122,lakshadweep,2019,1
1822,Recharge & bill payments,1448,436735.1685,lakshadweep,2019,2
1823,Peer-to-peer payments,1318,8602732.118,lakshadweep,2019,2
1824,Merchant payments,137,190716.5412,lakshadweep,2019,2
1825,Others,23,12340.30958,lakshadweep,2019,2
1826,Recharge & bill payments,1528,503049.2412,lakshadweep,2019,3
1827,Peer-to-peer payments,1455,8923273.863,lakshadweep,2019,3
1828,Merchant payments,111,215159.6812,lakshadweep,2019,3
1829,Others,10,10278.67843,lakshadweep,2019,3
1830,Recharge & bill payments,1801,618155.9005,lakshadweep,2019,4
1831,Peer-to-peer payments,1753,10383413.25,lakshadweep,2019,4
1832,Merchant payments,188,211413.6224,lakshadweep,2019,4
1833,Financial Services,2,34.39721182,lakshadweep,2019,4
1834,Others,21,56896.23813,lakshadweep,2019,4
1835,Recharge & bill payments,2684,789255.2646,lakshadweep,2020,1
1836,Peer-to-peer payments,2068,12463327.26,lakshadweep,2020,1
1837,Merchant payments,387,216594.0308,lakshadweep,2020,1
1838,Others,12,33192.01728,lakshadweep,2020,1
1839,Recharge & bill payments,4497,1061694.139,lakshadweep,2020,2
1840,Peer-to-peer payments,2176,14718605.19,lakshadweep,2020,2
1841,Merchant payments,472,971609.4584,lakshadweep,2020,2
1842,Financial Services,60,158593.597,lakshadweep,2020,2
1843,Others,15,32419.70309,lakshadweep,2020,2
1844,Recharge & bill payments,4696,1186947.554,lakshadweep,2020,3
1845,Peer-to-peer payments,2946,19189391.62,lakshadweep,2020,3
1846,Merchant payments,903,842981.1695,lakshadweep,2020,3
1847,Financial Services,27,45457.5097,lakshadweep,2020,3
1848,Others,17,42055.45695,lakshadweep,2020,3
1849,Recharge & bill payments,5187,1499298.113,lakshadweep,2020,4
1850,Peer-to-peer payments,4741,27284123.25,lakshadweep,2020,4
1851,Merchant payments,1668,1227101.638,lakshadweep,2020,4
1852,Financial Services,22,13968.754,lakshadweep,2020,4
1853,Others,32,86826.16676,lakshadweep,2020,4
1854,Peer-to-peer payments,3942,24823715.02,lakshadweep,2021,1
1855,Recharge & bill payments,3541,1070209.422,lakshadweep,2021,1
1856,Merchant payments,1537,1040213.795,lakshadweep,2021,1
1857,Financial Services,19,15929.09511,lakshadweep,2021,1
1858,Others,46,92715.58431,lakshadweep,2021,1
1859,Recharge & bill payments,5499,1745295.828,lakshadweep,2021,2
1860,Peer-to-peer payments,4069,23996417.49,lakshadweep,2021,2
1861,Merchant payments,1743,1525331.915,lakshadweep,2021,2
1862,Financial Services,29,15052.0185,lakshadweep,2021,2
1863,Others,44,101366.4031,lakshadweep,2021,2
1864,Peer-to-peer payments,5687,34142107.52,lakshadweep,2021,3
1865,Recharge & bill payments,5153,1700287.473,lakshadweep,2021,3
1866,Merchant payments,2450,2750367.063,lakshadweep,2021,3
1867,Financial Services,48,137227.3539,lakshadweep,2021,3
1868,Others,32,73174.28817,lakshadweep,2021,3
1869,Peer-to-peer payments,7154,44696668.86,lakshadweep,2021,4
1870,Recharge & bill payments,5355,2093901.292,lakshadweep,2021,4
1871,Merchant payments,2872,4071239.087,lakshadweep,2021,4
1872,Financial Services,27,19994.54195,lakshadweep,2021,4
1873,Others,62,116381.746,lakshadweep,2021,4
1874,Peer-to-peer payments,7913,48590864.57,lakshadweep,2022,1
1875,Recharge & bill payments,5334,2322580.17,lakshadweep,2022,1
1876,Merchant payments,3048,3838358.359,lakshadweep,2022,1
1877,Financial Services,39,38274.22629,lakshadweep,2022,1
1878,Others,63,149355.3311,lakshadweep,2022,1
1879,Peer-to-peer payments,8491,48451728.05,lakshadweep,2022,2
1880,Recharge & bill payments,5366,2386144.715,lakshadweep,2022,2
1881,Merchant payments,3602,4895657.06,lakshadweep,2022,2
1882,Financial Services,59,87127.82495,lakshadweep,2022,2
1883,Others,51,108944.3427,lakshadweep,2022,2
1884,Peer-to-peer payments,7533,40029003.83,lakshadweep,2022,3
1885,Recharge & bill payments,4441,1936538.307,lakshadweep,2022,3
1886,Merchant payments,3142,5469200.646,lakshadweep,2022,3
1887,Financial Services,64,63629.88417,lakshadweep,2022,3
1888,Others,61,81636.95473,lakshadweep,2022,3
1889,Peer-to-peer payments,8686,47450386,lakshadweep,2022,4
1890,Recharge & bill payments,4557,2024739.154,lakshadweep,2022,4
1891,Merchant payments,3819,5250991.002,lakshadweep,2022,4
1892,Financial Services,35,26453.02478,lakshadweep,2022,4
1893,Others,50,61304.43025,lakshadweep,2022,4
1894,Recharge & bill payments,4404190,667057311.5,madhya-pradesh,2018,1
1895,Peer-to-peer payments,2848290,7590790589,madhya-pradesh,2018,1
1896,Financial Services,230519,43374288.98,madhya-pradesh,2018,1
1897,Merchant payments,196394,170119673.7,madhya-pradesh,2018,1
1898,Others,346002,210261540.7,madhya-pradesh,2018,1
1899,Recharge & bill payments,5324535,1132090446,madhya-pradesh,2018,2
1900,Peer-to-peer payments,4269392,14155603482,madhya-pradesh,2018,2
1901,Merchant payments,397135,339308203.2,madhya-pradesh,2018,2
1902,Financial Services,305553,53860331.81,madhya-pradesh,2018,2
1903,Others,264797,243218603.3,madhya-pradesh,2018,2
1904,Peer-to-peer payments,9988509,22057686209,madhya-pradesh,2018,3
1905,Recharge & bill payments,5733261,1367773857,madhya-pradesh,2018,3
1906,Merchant payments,784995,465390819.6,madhya-pradesh,2018,3
1907,Financial Services,359440,46120458.64,madhya-pradesh,2018,3
1908,Others,260780,212770861.2,madhya-pradesh,2018,3
1909,Peer-to-peer payments,11456555,30897348665,madhya-pradesh,2018,4
1910,Recharge & bill payments,7273502,1669345517,madhya-pradesh,2018,4
1911,Merchant payments,2056426,1036249754,madhya-pradesh,2018,4
1912,Financial Services,313540,43367243.15,madhya-pradesh,2018,4
1913,Others,297532,259296894,madhya-pradesh,2018,4
1914,Peer-to-peer payments,23708825,44114206183,madhya-pradesh,2019,1
1915,Recharge & bill payments,9966905,2423593842,madhya-pradesh,2019,1
1916,Merchant payments,3018928,1263699222,madhya-pradesh,2019,1
1917,Financial Services,290838,28901169.29,madhya-pradesh,2019,1
1918,Others,315553,239879105.6,madhya-pradesh,2019,1
1919,Peer-to-peer payments,20868744,61758841794,madhya-pradesh,2019,2
1920,Recharge & bill payments,12044969,3571897178,madhya-pradesh,2019,2
1921,Merchant payments,7331352,2671155681,madhya-pradesh,2019,2
1922,Financial Services,149197,18869661.51,madhya-pradesh,2019,2
1923,Others,451751,313802065.4,madhya-pradesh,2019,2
1924,Peer-to-peer payments,22631038,67648107703,madhya-pradesh,2019,3
1925,Merchant payments,17163551,5147459307,madhya-pradesh,2019,3
1926,Recharge & bill payments,13156616,4576521609,madhya-pradesh,2019,3
1927,Financial Services,192821,25654168.6,madhya-pradesh,2019,3
1928,Others,466385,278578703,madhya-pradesh,2019,3
1929,Peer-to-peer payments,32083162,92064471162,madhya-pradesh,2019,4
1930,Merchant payments,19447707,7304157802,madhya-pradesh,2019,4
1931,Recharge & bill payments,16081734,5104821721,madhya-pradesh,2019,4
1932,Financial Services,127116,24020060.93,madhya-pradesh,2019,4
1933,Others,392270,190456045.3,madhya-pradesh,2019,4
1934,Peer-to-peer payments,34540722,1.10326E+11,madhya-pradesh,2020,1
1935,Merchant payments,24618074,9898242848,madhya-pradesh,2020,1
1936,Recharge & bill payments,19788516,6311610610,madhya-pradesh,2020,1
1937,Financial Services,68055,30645714.4,madhya-pradesh,2020,1
1938,Others,351379,170790656.3,madhya-pradesh,2020,1
1939,Peer-to-peer payments,34860958,1.28185E+11,madhya-pradesh,2020,2
1940,Recharge & bill payments,27497528,8904067957,madhya-pradesh,2020,2
1941,Merchant payments,13685723,10666223054,madhya-pradesh,2020,2
1942,Financial Services,80988,62073621.44,madhya-pradesh,2020,2
1943,Others,215376,104956802.2,madhya-pradesh,2020,2
1944,Peer-to-peer payments,50871564,1.74979E+11,madhya-pradesh,2020,3
1945,Merchant payments,31879804,20621273982,madhya-pradesh,2020,3
1946,Recharge & bill payments,25380467,9834190567,madhya-pradesh,2020,3
1947,Financial Services,131725,122971108.1,madhya-pradesh,2020,3
1948,Others,316321,144259293.3,madhya-pradesh,2020,3
1949,Peer-to-peer payments,67972167,2.35584E+11,madhya-pradesh,2020,4
1950,Merchant payments,57707471,37315576877,madhya-pradesh,2020,4
1951,Recharge & bill payments,27335834,10977774483,madhya-pradesh,2020,4
1952,Financial Services,149532,132590450.1,madhya-pradesh,2020,4
1953,Others,487537,264996097.6,madhya-pradesh,2020,4
1954,Merchant payments,84812245,50098244500,madhya-pradesh,2021,1
1955,Peer-to-peer payments,84070625,2.79938E+11,madhya-pradesh,2021,1
1956,Recharge & bill payments,32500681,13060914041,madhya-pradesh,2021,1
1957,Financial Services,169378,161838389.8,madhya-pradesh,2021,1
1958,Others,445569,274786748.1,madhya-pradesh,2021,1
1959,Peer-to-peer payments,99367521,3.48936E+11,madhya-pradesh,2021,2
1960,Merchant payments,77113464,58839392450,madhya-pradesh,2021,2
1961,Recharge & bill payments,46118636,17230546399,madhya-pradesh,2021,2
1962,Financial Services,188726,177313389.7,madhya-pradesh,2021,2
1963,Others,526333,317753606,madhya-pradesh,2021,2
1964,Merchant payments,138433772,85885669792,madhya-pradesh,2021,3
1965,Peer-to-peer payments,127654821,3.98913E+11,madhya-pradesh,2021,3
1966,Recharge & bill payments,44437315,19025346051,madhya-pradesh,2021,3
1967,Financial Services,174454,180366422.6,madhya-pradesh,2021,3
1968,Others,742972,408508699.4,madhya-pradesh,2021,3
1969,Merchant payments,197193842,1.26461E+11,madhya-pradesh,2021,4
1970,Peer-to-peer payments,159649020,5.07119E+11,madhya-pradesh,2021,4
1971,Recharge & bill payments,46220966,22492766779,madhya-pradesh,2021,4
1972,Financial Services,247925,246488171.4,madhya-pradesh,2021,4
1973,Others,996331,568617375.6,madhya-pradesh,2021,4
1974,Merchant payments,237691924,1.4331E+11,madhya-pradesh,2022,1
1975,Peer-to-peer payments,185008444,5.78202E+11,madhya-pradesh,2022,1
1976,Recharge & bill payments,48870314,25437774564,madhya-pradesh,2022,1
1977,Financial Services,222923,219927120.2,madhya-pradesh,2022,1
1978,Others,909453,495513514.8,madhya-pradesh,2022,1
1979,Merchant payments,287616385,1.74183E+11,madhya-pradesh,2022,2
1980,Peer-to-peer payments,202093283,6.63181E+11,madhya-pradesh,2022,2
1981,Recharge & bill payments,54318983,29125694282,madhya-pradesh,2022,2
1982,Financial Services,157672,153944499.7,madhya-pradesh,2022,2
1983,Others,713506,381178326.3,madhya-pradesh,2022,2
1984,Merchant payments,391105651,2.12446E+11,madhya-pradesh,2022,3
1985,Peer-to-peer payments,267013695,7.8065E+11,madhya-pradesh,2022,3
1986,Recharge & bill payments,72148870,39132574048,madhya-pradesh,2022,3
1987,Financial Services,240678,236981163.6,madhya-pradesh,2022,3
1988,Others,750665,442608716.7,madhya-pradesh,2022,3
1989,Merchant payments,492999084,2.72802E+11,madhya-pradesh,2022,4
1990,Peer-to-peer payments,325467851,9.84255E+11,madhya-pradesh,2022,4
1991,Recharge & bill payments,79289399,45143248069,madhya-pradesh,2022,4
1992,Financial Services,286931,278304972.6,madhya-pradesh,2022,4
1993,Others,785003,521508120.7,madhya-pradesh,2022,4
1994,Recharge & bill payments,9670237,2283567431,maharashtra,2018,1
1995,Peer-to-peer payments,5227770,18283896465,maharashtra,2018,1
1996,Merchant payments,616779,576964070.7,maharashtra,2018,1
1997,Financial Services,235051,60997258.06,maharashtra,2018,1
1998,Others,637197,506188033,maharashtra,2018,1
1999,Recharge & bill payments,12384216,3725800359,maharashtra,2018,2
2000,Peer-to-peer payments,7772336,30782831246,maharashtra,2018,2
2001,Merchant payments,1306326,1226121649,maharashtra,2018,2
2002,Financial Services,262875,85545909.44,maharashtra,2018,2
2003,Others,559987,536758077.8,maharashtra,2018,2
2004,Recharge & bill payments,14371791,4547486090,maharashtra,2018,3
2005,Peer-to-peer payments,13470065,45466534004,maharashtra,2018,3
2006,Merchant payments,2797204,1702220875,maharashtra,2018,3
2007,Financial Services,234598,52348968.01,maharashtra,2018,3
2008,Others,664880,492227795.6,maharashtra,2018,3
2009,Peer-to-peer payments,20824667,68974011019,maharashtra,2018,4
2010,Recharge & bill payments,18071025,5860865070,maharashtra,2018,4
2011,Merchant payments,6047705,3985195742,maharashtra,2018,4
2012,Financial Services,325121,77345546.53,maharashtra,2018,4
2013,Others,821705,621519669.5,maharashtra,2018,4
2014,Peer-to-peer payments,37360716,97373087988,maharashtra,2019,1
2015,Recharge & bill payments,24540041,8256500587,maharashtra,2019,1
2016,Merchant payments,12069119,5172594696,maharashtra,2019,1
2017,Financial Services,287569,49487746.21,maharashtra,2019,1
2018,Others,821624,569019903.9,maharashtra,2019,1
2019,Peer-to-peer payments,42546317,1.30558E+11,maharashtra,2019,2
2020,Recharge & bill payments,29395661,12197234771,maharashtra,2019,2
2021,Merchant payments,27854042,9728561727,maharashtra,2019,2
2022,Financial Services,182840,45291636.11,maharashtra,2019,2
2023,Others,1170993,765228265.8,maharashtra,2019,2
2024,Peer-to-peer payments,57991699,1.65732E+11,maharashtra,2019,3
2025,Merchant payments,54683738,17545729507,maharashtra,2019,3
2026,Recharge & bill payments,34309301,15471698544,maharashtra,2019,3
2027,Financial Services,231467,54108447.39,maharashtra,2019,3
2028,Others,1519376,814284077.9,maharashtra,2019,3
2029,Merchant payments,80127804,27209874138,maharashtra,2019,4
2030,Peer-to-peer payments,78795871,2.27268E+11,maharashtra,2019,4
2031,Recharge & bill payments,40705998,17794666215,maharashtra,2019,4
2032,Financial Services,129755,49622863.82,maharashtra,2019,4
2033,Others,1501192,672210825,maharashtra,2019,4
2034,Merchant payments,100337738,35200130305,maharashtra,2020,1
2035,Peer-to-peer payments,87067410,2.62541E+11,maharashtra,2020,1
2036,Recharge & bill payments,50199498,21603565070,maharashtra,2020,1
2037,Financial Services,123476,91363684.13,maharashtra,2020,1
2038,Others,1215959,558931962.9,maharashtra,2020,1
2039,Peer-to-peer payments,74295930,2.39933E+11,maharashtra,2020,2
2040,Recharge & bill payments,60856480,23112343247,maharashtra,2020,2
2041,Merchant payments,48965388,32859184582,maharashtra,2020,2
2042,Financial Services,206461,211733275.8,maharashtra,2020,2
2043,Others,466502,242917371.3,maharashtra,2020,2
2044,Peer-to-peer payments,108436214,3.51556E+11,maharashtra,2020,3
2045,Merchant payments,100808237,60171102124,maharashtra,2020,3
2046,Recharge & bill payments,58082283,27915727883,maharashtra,2020,3
2047,Financial Services,325453,333669599.6,maharashtra,2020,3
2048,Others,658737,331024593.1,maharashtra,2020,3
2049,Merchant payments,189845640,1.03805E+11,maharashtra,2020,4
2050,Peer-to-peer payments,151741840,4.85748E+11,maharashtra,2020,4
2051,Recharge & bill payments,64556682,31556917822,maharashtra,2020,4
2052,Financial Services,398409,418399992.5,maharashtra,2020,4
2053,Others,1078433,627692680.4,maharashtra,2020,4
2054,Merchant payments,253043309,1.29493E+11,maharashtra,2021,1
2055,Peer-to-peer payments,187021609,5.99213E+11,maharashtra,2021,1
2056,Recharge & bill payments,76389103,40057211827,maharashtra,2021,1
2057,Financial Services,439551,492900202.7,maharashtra,2021,1
2058,Others,966668,630909553.5,maharashtra,2021,1
2059,Merchant payments,247194293,1.50864E+11,maharashtra,2021,2
2060,Peer-to-peer payments,228551961,7.1986E+11,maharashtra,2021,2
2061,Recharge & bill payments,96271138,43154405548,maharashtra,2021,2
2062,Financial Services,504252,536780917,maharashtra,2021,2
2063,Others,1094842,699738247.7,maharashtra,2021,2
2064,Merchant payments,390051884,2.16702E+11,maharashtra,2021,3
2065,Peer-to-peer payments,296951706,8.90861E+11,maharashtra,2021,3
2066,Recharge & bill payments,103943973,50242023586,maharashtra,2021,3
2067,Financial Services,448646,579098938.7,maharashtra,2021,3
2068,Others,1477851,873324624.2,maharashtra,2021,3
2069,Merchant payments,540351277,3.05512E+11,maharashtra,2021,4
2070,Peer-to-peer payments,361865450,1.10986E+12,maharashtra,2021,4
2071,Recharge & bill payments,105990417,58087950922,maharashtra,2021,4
2072,Financial Services,606265,707102765.3,maharashtra,2021,4
2073,Others,1918093,1188658731,maharashtra,2021,4
2074,Merchant payments,646277671,3.4024E+11,maharashtra,2022,1
2075,Peer-to-peer payments,411989717,1.27489E+12,maharashtra,2022,1
2076,Recharge & bill payments,108896881,64507860104,maharashtra,2022,1
2077,Financial Services,583243,677612619.3,maharashtra,2022,1
2078,Others,1758926,1084139454,maharashtra,2022,1
2079,Merchant payments,810961772,4.28469E+11,maharashtra,2022,2
2080,Peer-to-peer payments,470258043,1.5012E+12,maharashtra,2022,2
2081,Recharge & bill payments,124280427,75110969246,maharashtra,2022,2
2082,Financial Services,490152,559321829.5,maharashtra,2022,2
2083,Others,1542719,930827919.3,maharashtra,2022,2
2084,Merchant payments,876618082,4.32251E+11,maharashtra,2022,3
2085,Peer-to-peer payments,483481713,1.43457E+12,maharashtra,2022,3
2086,Recharge & bill payments,124545840,79360150487,maharashtra,2022,3
2087,Financial Services,521362,571583115.7,maharashtra,2022,3
2088,Others,1222420,831183386.5,maharashtra,2022,3
2089,Merchant payments,1025666187,5.02661E+11,maharashtra,2022,4
2090,Peer-to-peer payments,535142126,1.62262E+12,maharashtra,2022,4
2091,Recharge & bill payments,126118544,83576414221,maharashtra,2022,4
2092,Financial Services,620124,699276779.2,maharashtra,2022,4
2093,Others,1228291,914951674.5,maharashtra,2022,4
2094,Recharge & bill payments,50212,6463184.555,manipur,2018,1
2095,Peer-to-peer payments,26382,115495173.6,manipur,2018,1
2096,Financial Services,2660,412579.5399,manipur,2018,1
2097,Merchant payments,1614,3616475.641,manipur,2018,1
2098,Others,3201,2058760.637,manipur,2018,1
2099,Recharge & bill payments,77991,11541247.78,manipur,2018,2
2100,Peer-to-peer payments,60365,232157389.8,manipur,2018,2
2101,Financial Services,5992,1241901.266,manipur,2018,2
2102,Merchant payments,4041,5366759.828,manipur,2018,2
2103,Others,3332,2902422.65,manipur,2018,2
2104,Peer-to-peer payments,95204,357768750.2,manipur,2018,3
2105,Recharge & bill payments,81323,13912990.48,manipur,2018,3
2106,Merchant payments,7396,9180953.977,manipur,2018,3
2107,Financial Services,2577,333081.6368,manipur,2018,3
2108,Others,2758,2135468.51,manipur,2018,3
2109,Recharge & bill payments,113507,18898063.28,manipur,2018,4
2110,Peer-to-peer payments,104872,562009596,manipur,2018,4
2111,Merchant payments,13333,20685433.28,manipur,2018,4
2112,Financial Services,1452,307325.2438,manipur,2018,4
2113,Others,2946,3783141.535,manipur,2018,4
2114,Peer-to-peer payments,127067,619919870.7,manipur,2019,1
2115,Recharge & bill payments,120000,22106830.37,manipur,2019,1
2116,Merchant payments,15190,14580183.38,manipur,2019,1
2117,Financial Services,800,174777.1728,manipur,2019,1
2118,Others,2352,3116398.756,manipur,2019,1
2119,Peer-to-peer payments,120153,679785849.1,manipur,2019,2
2120,Recharge & bill payments,116500,23573234.27,manipur,2019,2
2121,Merchant payments,18044,15996651.15,manipur,2019,2
2122,Financial Services,387,91955.01538,manipur,2019,2
2123,Others,2341,3342252.575,manipur,2019,2
2124,Recharge & bill payments,180057,36634657.05,manipur,2019,3
2125,Peer-to-peer payments,144965,803335616.6,manipur,2019,3
2126,Merchant payments,17683,20490224.44,manipur,2019,3
2127,Financial Services,358,367865.7885,manipur,2019,3
2128,Others,1945,2723638.65,manipur,2019,3
2129,Recharge & bill payments,212136,44202546.57,manipur,2019,4
2130,Peer-to-peer payments,211927,1123258478,manipur,2019,4
2131,Merchant payments,23094,30486780.45,manipur,2019,4
2132,Financial Services,548,240641.7658,manipur,2019,4
2133,Others,1639,2709234.857,manipur,2019,4
2134,Peer-to-peer payments,451733,2458093402,manipur,2020,1
2135,Recharge & bill payments,285234,62688260.38,manipur,2020,1
2136,Merchant payments,78067,74202067.07,manipur,2020,1
2137,Financial Services,622,354184.4661,manipur,2020,1
2138,Others,3145,3252467.224,manipur,2020,1
2139,Peer-to-peer payments,533206,2980242535,manipur,2020,2
2140,Recharge & bill payments,450830,107589094.3,manipur,2020,2
2141,Merchant payments,92110,106540409.3,manipur,2020,2
2142,Financial Services,1676,1457570.8,manipur,2020,2
2143,Others,5246,3106603.332,manipur,2020,2
2144,Peer-to-peer payments,774786,4301284799,manipur,2020,3
2145,Recharge & bill payments,464659,113190539.1,manipur,2020,3
2146,Merchant payments,170653,195132026.6,manipur,2020,3
2147,Financial Services,1878,1593035.944,manipur,2020,3
2148,Others,8192,4775719.814,manipur,2020,3
2149,Peer-to-peer payments,892853,5172499338,manipur,2020,4
2150,Recharge & bill payments,436450,114202616.3,manipur,2020,4
2151,Merchant payments,289050,307902115.4,manipur,2020,4
2152,Financial Services,1806,2448402.914,manipur,2020,4
2153,Others,7693,5172086.283,manipur,2020,4
2154,Peer-to-peer payments,1117829,6402367884,manipur,2021,1
2155,Recharge & bill payments,796590,223955812.6,manipur,2021,1
2156,Merchant payments,377280,433297594.1,manipur,2021,1
2157,Financial Services,3398,4385333.175,manipur,2021,1
2158,Others,8438,6280890.915,manipur,2021,1
2159,Peer-to-peer payments,1372821,7041837918,manipur,2021,2
2160,Recharge & bill payments,1187952,305103750.6,manipur,2021,2
2161,Merchant payments,510734,531484849.5,manipur,2021,2
2162,Financial Services,4165,4256098.232,manipur,2021,2
2163,Others,10603,7145346.315,manipur,2021,2
2164,Peer-to-peer payments,1819423,9134806595,manipur,2021,3
2165,Recharge & bill payments,1368584,367664440.5,manipur,2021,3
2166,Merchant payments,735707,889317377.1,manipur,2021,3
2167,Financial Services,3460,5625517.975,manipur,2021,3
2168,Others,14222,9447098.782,manipur,2021,3
2169,Peer-to-peer payments,2199970,10998828288,manipur,2021,4
2170,Recharge & bill payments,1451488,412791673.8,manipur,2021,4
2171,Merchant payments,1013985,1229517397,manipur,2021,4
2172,Financial Services,4671,5941100.581,manipur,2021,4
2173,Others,17325,11393578.84,manipur,2021,4
2174,Peer-to-peer payments,2517626,12169368063,manipur,2022,1
2175,Recharge & bill payments,1528476,469035958.3,manipur,2022,1
2176,Merchant payments,1247205,1489604137,manipur,2022,1
2177,Financial Services,4878,6057615.527,manipur,2022,1
2178,Others,15494,10435303.88,manipur,2022,1
2179,Peer-to-peer payments,2843426,12704512239,manipur,2022,2
2180,Merchant payments,1709547,1757831052,manipur,2022,2
2181,Recharge & bill payments,1533778,448637966.7,manipur,2022,2
2182,Financial Services,4069,4753628.558,manipur,2022,2
2183,Others,14812,7175748.992,manipur,2022,2
2184,Peer-to-peer payments,3127266,12927705072,manipur,2022,3
2185,Merchant payments,1829741,2010460357,manipur,2022,3
2186,Recharge & bill payments,1379911,432182393.8,manipur,2022,3
2187,Financial Services,4524,4671353.405,manipur,2022,3
2188,Others,11300,6411090.828,manipur,2022,3
2189,Peer-to-peer payments,3259645,13133729481,manipur,2022,4
2190,Merchant payments,1828984,2074698993,manipur,2022,4
2191,Recharge & bill payments,1325391,406031254.1,manipur,2022,4
2192,Financial Services,4691,5754919.964,manipur,2022,4
2193,Others,9959,5742049.404,manipur,2022,4
2194,Recharge & bill payments,31857,6028476.149,meghalaya,2018,1
2195,Peer-to-peer payments,13274,55943496.52,meghalaya,2018,1
2196,Merchant payments,1605,2395888.44,meghalaya,2018,1
2197,Financial Services,532,144318.2546,meghalaya,2018,1
2198,Others,2303,1738080.431,meghalaya,2018,1
2199,Recharge & bill payments,42625,9657896.165,meghalaya,2018,2
2200,Peer-to-peer payments,19894,101140464.7,meghalaya,2018,2
2201,Merchant payments,2929,3663446.436,meghalaya,2018,2
2202,Financial Services,592,580648.3434,meghalaya,2018,2
2203,Others,1817,1962212.235,meghalaya,2018,2
2204,Recharge & bill payments,60625,14231601.45,meghalaya,2018,3
2205,Peer-to-peer payments,40832,187460582.1,meghalaya,2018,3
2206,Merchant payments,5802,5458930.689,meghalaya,2018,3
2207,Financial Services,748,552674.5783,meghalaya,2018,3
2208,Others,2283,2149872.756,meghalaya,2018,3
2209,Recharge & bill payments,82962,18100891.64,meghalaya,2018,4
2210,Peer-to-peer payments,58952,301941442.7,meghalaya,2018,4
2211,Merchant payments,15768,14434314.19,meghalaya,2018,4
2212,Financial Services,763,190875.1885,meghalaya,2018,4
2213,Others,2687,2918155.28,meghalaya,2018,4
2214,Recharge & bill payments,98817,23006751.8,meghalaya,2019,1
2215,Peer-to-peer payments,90694,358932132.1,meghalaya,2019,1
2216,Merchant payments,16073,14297275.23,meghalaya,2019,1
2217,Financial Services,659,62335.06475,meghalaya,2019,1
2218,Others,2498,2738667.958,meghalaya,2019,1
2219,Recharge & bill payments,108812,27248605.43,meghalaya,2019,2
2220,Peer-to-peer payments,97407,446537199.2,meghalaya,2019,2
2221,Merchant payments,22588,15600927.01,meghalaya,2019,2
2222,Financial Services,460,106800.7531,meghalaya,2019,2
2223,Others,3019,3437756.745,meghalaya,2019,2
2224,Recharge & bill payments,155949,38916251.42,meghalaya,2019,3
2225,Peer-to-peer payments,116168,546221812.7,meghalaya,2019,3
2226,Merchant payments,31201,23461321.89,meghalaya,2019,3
2227,Financial Services,421,584192.9488,meghalaya,2019,3
2228,Others,2811,3035023.204,meghalaya,2019,3
2229,Recharge & bill payments,175084,43611775.03,meghalaya,2019,4
2230,Peer-to-peer payments,163734,670870023.4,meghalaya,2019,4
2231,Merchant payments,24430,25344714.51,meghalaya,2019,4
2232,Financial Services,382,124511.6361,meghalaya,2019,4
2233,Others,2351,2485447.193,meghalaya,2019,4
2234,Recharge & bill payments,226214,59666071.22,meghalaya,2020,1
2235,Peer-to-peer payments,216022,1013733312,meghalaya,2020,1
2236,Merchant payments,57245,44125206.35,meghalaya,2020,1
2237,Financial Services,473,402779.8903,meghalaya,2020,1
2238,Others,2329,2207471.061,meghalaya,2020,1
2239,Recharge & bill payments,382662,100570200.3,meghalaya,2020,2
2240,Peer-to-peer payments,202270,998750895.9,meghalaya,2020,2
2241,Merchant payments,46014,48980521.42,meghalaya,2020,2
2242,Financial Services,1186,2944583.115,meghalaya,2020,2
2243,Others,3263,2488953.644,meghalaya,2020,2
2244,Recharge & bill payments,342484,97662913.13,meghalaya,2020,3
2245,Peer-to-peer payments,194448,1065012682,meghalaya,2020,3
2246,Merchant payments,55595,67511647.13,meghalaya,2020,3
2247,Financial Services,1587,4049966.813,meghalaya,2020,3
2248,Others,3465,2821792.588,meghalaya,2020,3
2249,Recharge & bill payments,350006,102794647.8,meghalaya,2020,4
2250,Peer-to-peer payments,286252,1579858348,meghalaya,2020,4
2251,Merchant payments,111471,115136797.6,meghalaya,2020,4
2252,Financial Services,1809,2774557.112,meghalaya,2020,4
2253,Others,4470,3678221.666,meghalaya,2020,4
2254,Peer-to-peer payments,326993,1794745857,meghalaya,2021,1
2255,Recharge & bill payments,306634,106098525.7,meghalaya,2021,1
2256,Merchant payments,108805,147747773,meghalaya,2021,1
2257,Financial Services,1777,3981898.046,meghalaya,2021,1
2258,Others,3437,2941223.95,meghalaya,2021,1
2259,Recharge & bill payments,389959,129031455.7,meghalaya,2021,2
2260,Peer-to-peer payments,366411,1885041504,meghalaya,2021,2
2261,Merchant payments,147406,173894963,meghalaya,2021,2
2262,Financial Services,1766,2306496.855,meghalaya,2021,2
2263,Others,4052,3342835.527,meghalaya,2021,2
2264,Peer-to-peer payments,473274,2348008593,meghalaya,2021,3
2265,Recharge & bill payments,418429,144363692.8,meghalaya,2021,3
2266,Merchant payments,199427,270311210.9,meghalaya,2021,3
2267,Financial Services,1556,2379067.115,meghalaya,2021,3
2268,Others,5045,3937887.554,meghalaya,2021,3
2269,Peer-to-peer payments,669693,3233210262,meghalaya,2021,4
2270,Recharge & bill payments,447310,165277548.5,meghalaya,2021,4
2271,Merchant payments,314445,442464385,meghalaya,2021,4
2272,Financial Services,1989,2464327.924,meghalaya,2021,4
2273,Others,6756,5348877.037,meghalaya,2021,4
2274,Peer-to-peer payments,801009,3899172009,meghalaya,2022,1
2275,Recharge & bill payments,459530,192026788.6,meghalaya,2022,1
2276,Merchant payments,405859,563004043.9,meghalaya,2022,1
2277,Financial Services,2134,3019251.86,meghalaya,2022,1
2278,Others,6218,5116238.236,meghalaya,2022,1
2279,Peer-to-peer payments,977816,4359000096,meghalaya,2022,2
2280,Merchant payments,591364,714995836.6,meghalaya,2022,2
2281,Recharge & bill payments,467745,200896879.7,meghalaya,2022,2
2282,Financial Services,1880,2406087.095,meghalaya,2022,2
2283,Others,5844,4192522.345,meghalaya,2022,2
2284,Peer-to-peer payments,2050942,7796315454,meghalaya,2022,3
2285,Merchant payments,1486098,1468318733,meghalaya,2022,3
2286,Recharge & bill payments,810017,330230375.9,meghalaya,2022,3
2287,Financial Services,3504,3106775.386,meghalaya,2022,3
2288,Others,8604,5329459.166,meghalaya,2022,3
2289,Peer-to-peer payments,1901671,7328913724,meghalaya,2022,4
2290,Merchant payments,1334431,1381013597,meghalaya,2022,4
2291,Recharge & bill payments,685678,278377945.4,meghalaya,2022,4
2292,Financial Services,3544,3564357.12,meghalaya,2022,4
2293,Others,7124,4671532.631,meghalaya,2022,4
2294,Recharge & bill payments,10155,2199565.259,mizoram,2018,1
2295,Peer-to-peer payments,6845,41186717.28,mizoram,2018,1
2296,Merchant payments,616,1066002.167,mizoram,2018,1
2297,Financial Services,260,65022.49897,mizoram,2018,1
2298,Others,685,709912.7728,mizoram,2018,1
2299,Recharge & bill payments,13550,3107406.502,mizoram,2018,2
2300,Peer-to-peer payments,11427,77040044.25,mizoram,2018,2
2301,Merchant payments,1310,2368711.976,mizoram,2018,2
2302,Financial Services,167,60939.77305,mizoram,2018,2
2303,Others,597,931303.0543,mizoram,2018,2
2304,Peer-to-peer payments,18564,108783543.9,mizoram,2018,3
2305,Recharge & bill payments,17610,4050433.596,mizoram,2018,3
2306,Merchant payments,2310,2952533.8,mizoram,2018,3
2307,Financial Services,240,43891.23943,mizoram,2018,3
2308,Others,592,770335.5795,mizoram,2018,3
2309,Peer-to-peer payments,26212,177049162.1,mizoram,2018,4
2310,Recharge & bill payments,24533,5523702.976,mizoram,2018,4
2311,Merchant payments,3699,6911586.608,mizoram,2018,4
2312,Financial Services,145,35654.18338,mizoram,2018,4
2313,Others,653,906746.631,mizoram,2018,4
2314,Peer-to-peer payments,35126,204183867.4,mizoram,2019,1
2315,Recharge & bill payments,30327,6760113.704,mizoram,2019,1
2316,Merchant payments,3984,6470456.032,mizoram,2019,1
2317,Financial Services,133,33512.39607,mizoram,2019,1
2318,Others,736,712945.8536,mizoram,2019,1
2319,Peer-to-peer payments,37364,233471780,mizoram,2019,2
2320,Recharge & bill payments,31903,7823562.398,mizoram,2019,2
2321,Merchant payments,5646,5889316.861,mizoram,2019,2
2322,Financial Services,80,14455.38099,mizoram,2019,2
2323,Others,678,817593.4915,mizoram,2019,2
2324,Recharge & bill payments,49073,12966806.7,mizoram,2019,3
2325,Peer-to-peer payments,42645,257538220.2,mizoram,2019,3
2326,Merchant payments,5560,7397529.021,mizoram,2019,3
2327,Financial Services,94,72985.31151,mizoram,2019,3
2328,Others,722,818358.6945,mizoram,2019,3
2329,Recharge & bill payments,60511,16857122.31,mizoram,2019,4
2330,Peer-to-peer payments,57109,341664291.5,mizoram,2019,4
2331,Merchant payments,6939,9451111.139,mizoram,2019,4
2332,Financial Services,100,20966.33331,mizoram,2019,4
2333,Others,580,695859.3608,mizoram,2019,4
2334,Recharge & bill payments,85067,24356294.59,mizoram,2020,1
2335,Peer-to-peer payments,57916,356260523.2,mizoram,2020,1
2336,Merchant payments,9961,10404414.59,mizoram,2020,1
2337,Financial Services,119,283854.3188,mizoram,2020,1
2338,Others,546,772492.6204,mizoram,2020,1
2339,Recharge & bill payments,127592,37504550.78,mizoram,2020,2
2340,Peer-to-peer payments,60021,404110075.1,mizoram,2020,2
2341,Merchant payments,10056,14627463.66,mizoram,2020,2
2342,Financial Services,244,434960.2799,mizoram,2020,2
2343,Others,549,516383.6344,mizoram,2020,2
2344,Recharge & bill payments,132664,40941077.03,mizoram,2020,3
2345,Peer-to-peer payments,99644,634560147.4,mizoram,2020,3
2346,Merchant payments,20934,30693648.24,mizoram,2020,3
2347,Financial Services,535,824864.5131,mizoram,2020,3
2348,Others,926,924438.3715,mizoram,2020,3
2349,Peer-to-peer payments,141038,887252744.1,mizoram,2020,4
2350,Recharge & bill payments,140297,45386403.17,mizoram,2020,4
2351,Merchant payments,39676,52094800.57,mizoram,2020,4
2352,Financial Services,607,855201.5881,mizoram,2020,4
2353,Others,989,932966.3003,mizoram,2020,4
2354,Peer-to-peer payments,156386,982955112.2,mizoram,2021,1
2355,Recharge & bill payments,128055,45558278.22,mizoram,2021,1
2356,Merchant payments,43511,70289687.95,mizoram,2021,1
2357,Financial Services,648,1330632.979,mizoram,2021,1
2358,Others,975,971875.6084,mizoram,2021,1
2359,Peer-to-peer payments,173064,995581952.9,mizoram,2021,2
2360,Recharge & bill payments,161763,56059844.24,mizoram,2021,2
2361,Merchant payments,57877,69528721.4,mizoram,2021,2
2362,Financial Services,611,710657.5066,mizoram,2021,2
2363,Others,1025,993297.2509,mizoram,2021,2
2364,Peer-to-peer payments,224873,1290523196,mizoram,2021,3
2365,Recharge & bill payments,177281,67493206.62,mizoram,2021,3
2366,Merchant payments,74553,113697005.9,mizoram,2021,3
2367,Financial Services,522,806905.9729,mizoram,2021,3
2368,Others,1300,1228335.458,mizoram,2021,3
2369,Peer-to-peer payments,272209,1545255603,mizoram,2021,4
2370,Recharge & bill payments,179405,67548806.85,mizoram,2021,4
2371,Merchant payments,99265,154183940.7,mizoram,2021,4
2372,Financial Services,695,2202285.708,mizoram,2021,4
2373,Others,1755,1475104.828,mizoram,2021,4
2374,Peer-to-peer payments,302740,1691281090,mizoram,2022,1
2375,Recharge & bill payments,190137,76541062.34,mizoram,2022,1
2376,Merchant payments,109669,174157725.4,mizoram,2022,1
2377,Financial Services,731,1657575.283,mizoram,2022,1
2378,Others,1640,1521510.587,mizoram,2022,1
2379,Peer-to-peer payments,332102,1739114390,mizoram,2022,2
2380,Recharge & bill payments,172281,70775723.35,mizoram,2022,2
2381,Merchant payments,137279,191484723.8,mizoram,2022,2
2382,Financial Services,656,801633.2115,mizoram,2022,2
2383,Others,1659,1010096.481,mizoram,2022,2
2384,Peer-to-peer payments,349715,1665955695,mizoram,2022,3
2385,Recharge & bill payments,156874,68463689.8,mizoram,2022,3
2386,Merchant payments,150320,209934220.3,mizoram,2022,3
2387,Financial Services,802,880187.5513,mizoram,2022,3
2388,Others,1327,1031819.444,mizoram,2022,3
2389,Peer-to-peer payments,378295,1750113148,mizoram,2022,4
2390,Merchant payments,164389,222455759.2,mizoram,2022,4
2391,Recharge & bill payments,148573,63477925.04,mizoram,2022,4
2392,Financial Services,932,949850.1989,mizoram,2022,4
2393,Others,1585,914402.5369,mizoram,2022,4
2394,Recharge & bill payments,28198,5361675.55,nagaland,2018,1
2395,Peer-to-peer payments,11631,69830122.02,nagaland,2018,1
2396,Merchant payments,822,1170667.415,nagaland,2018,1
2397,Financial Services,399,299016.7346,nagaland,2018,1
2398,Others,1795,1344409.366,nagaland,2018,1
2399,Recharge & bill payments,41959,9139467.704,nagaland,2018,2
2400,Peer-to-peer payments,20099,140193107.7,nagaland,2018,2
2401,Merchant payments,1529,2293935.491,nagaland,2018,2
2402,Financial Services,379,153458.5232,nagaland,2018,2
2403,Others,1633,1545608.465,nagaland,2018,2
2404,Recharge & bill payments,54885,12664922.72,nagaland,2018,3
2405,Peer-to-peer payments,33930,223964723.2,nagaland,2018,3
2406,Merchant payments,3518,3631042.278,nagaland,2018,3
2407,Financial Services,460,125171.6185,nagaland,2018,3
2408,Others,1578,1406883.165,nagaland,2018,3
2409,Recharge & bill payments,72881,16615511.42,nagaland,2018,4
2410,Peer-to-peer payments,53723,358926253.4,nagaland,2018,4
2411,Merchant payments,10350,10500634.79,nagaland,2018,4
2412,Financial Services,587,216127.4085,nagaland,2018,4
2413,Others,1792,1754940.491,nagaland,2018,4
2414,Recharge & bill payments,87596,20020458.08,nagaland,2019,1
2415,Peer-to-peer payments,71642,411855878.2,nagaland,2019,1
2416,Merchant payments,7306,8187940.322,nagaland,2019,1
2417,Financial Services,430,101072.8977,nagaland,2019,1
2418,Others,1605,1776362.866,nagaland,2019,1
2419,Recharge & bill payments,92492,21350211.08,nagaland,2019,2
2420,Peer-to-peer payments,81065,487705354.5,nagaland,2019,2
2421,Merchant payments,12949,8990954.08,nagaland,2019,2
2422,Financial Services,286,129758.0026,nagaland,2019,2
2423,Others,1961,1890404.533,nagaland,2019,2
2424,Recharge & bill payments,145812,33293527.93,nagaland,2019,3
2425,Peer-to-peer payments,100736,601803135.5,nagaland,2019,3
2426,Merchant payments,13031,13381591.2,nagaland,2019,3
2427,Financial Services,210,229319.8492,nagaland,2019,3
2428,Others,2089,2248897.262,nagaland,2019,3
2429,Recharge & bill payments,172761,39720745.6,nagaland,2019,4
2430,Peer-to-peer payments,128674,777298578.6,nagaland,2019,4
2431,Merchant payments,13578,15460907.23,nagaland,2019,4
2432,Financial Services,499,283291.7741,nagaland,2019,4
2433,Others,1658,1773615.135,nagaland,2019,4
2434,Recharge & bill payments,221741,53662023.32,nagaland,2020,1
2435,Peer-to-peer payments,135966,821508819.6,nagaland,2020,1
2436,Merchant payments,18249,17663339.37,nagaland,2020,1
2437,Financial Services,528,215066.7835,nagaland,2020,1
2438,Others,1567,1730779.671,nagaland,2020,1
2439,Recharge & bill payments,328269,85264116.12,nagaland,2020,2
2440,Peer-to-peer payments,166866,1025000210,nagaland,2020,2
2441,Merchant payments,20004,25214703.91,nagaland,2020,2
2442,Financial Services,860,989239.9672,nagaland,2020,2
2443,Others,1567,1206234.395,nagaland,2020,2
2444,Recharge & bill payments,347494,91214897.19,nagaland,2020,3
2445,Peer-to-peer payments,330638,1851638120,nagaland,2020,3
2446,Merchant payments,51912,62568884.13,nagaland,2020,3
2447,Financial Services,2544,2136903.024,nagaland,2020,3
2448,Others,3731,2090339.271,nagaland,2020,3
2449,Peer-to-peer payments,417393,2563827858,nagaland,2020,4
2450,Recharge & bill payments,335297,91929581.88,nagaland,2020,4
2451,Merchant payments,90496,113115660.2,nagaland,2020,4
2452,Financial Services,1068,1017278.31,nagaland,2020,4
2453,Others,3571,3194492.153,nagaland,2020,4
2454,Peer-to-peer payments,477346,2841021698,nagaland,2021,1
2455,Recharge & bill payments,376473,110095189.6,nagaland,2021,1
2456,Merchant payments,116846,151202427.1,nagaland,2021,1
2457,Financial Services,1511,1929643.694,nagaland,2021,1
2458,Others,3721,3201525.695,nagaland,2021,1
2459,Peer-to-peer payments,526966,2847731458,nagaland,2021,2
2460,Recharge & bill payments,453979,126962524.7,nagaland,2021,2
2461,Merchant payments,144413,176831583.1,nagaland,2021,2
2462,Financial Services,1624,1785915.637,nagaland,2021,2
2463,Others,3809,2982482.691,nagaland,2021,2
2464,Peer-to-peer payments,667633,3536780177,nagaland,2021,3
2465,Recharge & bill payments,474693,141172028.2,nagaland,2021,3
2466,Merchant payments,208387,304493279.8,nagaland,2021,3
2467,Financial Services,1437,1634878.889,nagaland,2021,3
2468,Others,4642,3336484.283,nagaland,2021,3
2469,Peer-to-peer payments,819452,4335295238,nagaland,2021,4
2470,Recharge & bill payments,492411,154359432.1,nagaland,2021,4
2471,Merchant payments,311673,442578210.1,nagaland,2021,4
2472,Financial Services,1790,2263055.522,nagaland,2021,4
2473,Others,6157,4587848.469,nagaland,2021,4
2474,Peer-to-peer payments,963378,4798355632,nagaland,2022,1
2475,Recharge & bill payments,529038,175942440.6,nagaland,2022,1
2476,Merchant payments,425336,563650239.9,nagaland,2022,1
2477,Financial Services,2022,2503998.825,nagaland,2022,1
2478,Others,6178,4499397.928,nagaland,2022,1
2479,Peer-to-peer payments,1032542,4933041257,nagaland,2022,2
2480,Merchant payments,513456,640665988.2,nagaland,2022,2
2481,Recharge & bill payments,479322,162238616.4,nagaland,2022,2
2482,Financial Services,1547,1519503.219,nagaland,2022,2
2483,Others,4462,2819984.002,nagaland,2022,2
2484,Peer-to-peer payments,990896,4568905306,nagaland,2022,3
2485,Merchant payments,467257,642368278.6,nagaland,2022,3
2486,Recharge & bill payments,430854,148324294.7,nagaland,2022,3
2487,Financial Services,1479,2345498.603,nagaland,2022,3
2488,Others,3627,2457117.276,nagaland,2022,3
2489,Peer-to-peer payments,1314122,5888068477,nagaland,2022,4
2490,Merchant payments,647805,906834415.5,nagaland,2022,4
2491,Recharge & bill payments,508230,170028535.8,nagaland,2022,4
2492,Financial Services,2104,1909585.07,nagaland,2022,4
2493,Others,3944,3125371.206,nagaland,2022,4
2494,Recharge & bill payments,2874109,331254466.2,odisha,2018,1
2495,Peer-to-peer payments,2305610,4033548999,odisha,2018,1
2496,Financial Services,323352,58099674.95,odisha,2018,1
2497,Merchant payments,129659,112301341.7,odisha,2018,1
2498,Others,177091,92427728.93,odisha,2018,1
2499,Peer-to-peer payments,3989202,7621288196,odisha,2018,2
2500,Recharge & bill payments,3307545,482823290.4,odisha,2018,2
2501,Financial Services,472304,67829259.92,odisha,2018,2
2502,Merchant payments,257628,213530873.4,odisha,2018,2
2503,Others,131465,102838720.4,odisha,2018,2
2504,Peer-to-peer payments,24472139,22029087499,odisha,2018,3
2505,Recharge & bill payments,3886392,605721781.5,odisha,2018,3
2506,Financial Services,836547,97292154.49,odisha,2018,3
2507,Merchant payments,729995,275532813.4,odisha,2018,3
2508,Others,127082,86881527.58,odisha,2018,3
2509,Peer-to-peer payments,12285028,21804268078,odisha,2018,4
2510,Recharge & bill payments,5142124,773017649.6,odisha,2018,4
2511,Merchant payments,3061813,682181415.9,odisha,2018,4
2512,Financial Services,495495,55534399.31,odisha,2018,4
2513,Others,158338,114868029.2,odisha,2018,4
2514,Peer-to-peer payments,24117274,33342321631,odisha,2019,1
2515,Recharge & bill payments,6713747,1120730273,odisha,2019,1
2516,Merchant payments,2690762,821493664.6,odisha,2019,1
2517,Financial Services,375910,34542738.89,odisha,2019,1
2518,Others,134249,108039623.3,odisha,2019,1
2519,Peer-to-peer payments,16455353,41423292022,odisha,2019,2
2520,Recharge & bill payments,7845252,1506620073,odisha,2019,2
2521,Merchant payments,4827067,1664621261,odisha,2019,2
2522,Financial Services,202705,20424212.31,odisha,2019,2
2523,Others,181647,139897303.5,odisha,2019,2
2524,Peer-to-peer payments,18490877,51447586885,odisha,2019,3
2525,Merchant payments,13984738,3895753253,odisha,2019,3
2526,Recharge & bill payments,8565917,1806123698,odisha,2019,3
2527,Financial Services,195034,31079934.76,odisha,2019,3
2528,Others,185706,124033587.2,odisha,2019,3
2529,Peer-to-peer payments,43284477,72966050937,odisha,2019,4
2530,Recharge & bill payments,10629461,2290841668,odisha,2019,4
2531,Merchant payments,10601703,4395710870,odisha,2019,4
2532,Financial Services,323887,38782542.05,odisha,2019,4
2533,Others,156105,77987614.25,odisha,2019,4
2534,Peer-to-peer payments,27110930,82863844732,odisha,2020,1
2535,Merchant payments,13269709,5738217250,odisha,2020,1
2536,Recharge & bill payments,13083524,3253609733,odisha,2020,1
2537,Financial Services,84037,27641460.91,odisha,2020,1
2538,Others,134107,73485022.97,odisha,2020,1
2539,Peer-to-peer payments,24520938,80990080778,odisha,2020,2
2540,Recharge & bill payments,17040333,4551061364,odisha,2020,2
2541,Merchant payments,8313965,6092753945,odisha,2020,2
2542,Financial Services,66787,50322080.34,odisha,2020,2
2543,Others,86553,48818444.57,odisha,2020,2
2544,Peer-to-peer payments,34182172,1.07065E+11,odisha,2020,3
2545,Recharge & bill payments,17126851,5015719824,odisha,2020,3
2546,Merchant payments,14519265,10242496366,odisha,2020,3
2547,Financial Services,90736,84971747.76,odisha,2020,3
2548,Others,114805,56087156.19,odisha,2020,3
2549,Peer-to-peer payments,47588728,1.53209E+11,odisha,2020,4
2550,Merchant payments,27124765,19347472703,odisha,2020,4
2551,Recharge & bill payments,17318073,5532179002,odisha,2020,4
2552,Financial Services,106189,104419909.7,odisha,2020,4
2553,Others,187195,109856053,odisha,2020,4
2554,Peer-to-peer payments,54417515,1.8145E+11,odisha,2021,1
2555,Merchant payments,38180718,25201936762,odisha,2021,1
2556,Recharge & bill payments,18633830,6552605938,odisha,2021,1
2557,Financial Services,87263,95064023.95,odisha,2021,1
2558,Others,141032,97693172.73,odisha,2021,1
2559,Peer-to-peer payments,66929109,2.08406E+11,odisha,2021,2
2560,Merchant payments,39402607,29208847675,odisha,2021,2
2561,Recharge & bill payments,25183699,8024323050,odisha,2021,2
2562,Financial Services,102474,102761987,odisha,2021,2
2563,Others,206448,122302396.2,odisha,2021,2
2564,Peer-to-peer payments,85728576,2.51151E+11,odisha,2021,3
2565,Merchant payments,64268830,43316348173,odisha,2021,3
2566,Recharge & bill payments,26943670,9025674783,odisha,2021,3
2567,Financial Services,97213,112383446.9,odisha,2021,3
2568,Others,324385,175452005.4,odisha,2021,3
2569,Peer-to-peer payments,107560893,3.10704E+11,odisha,2021,4
2570,Merchant payments,99512650,63383870318,odisha,2021,4
2571,Recharge & bill payments,26302130,10728834441,odisha,2021,4
2572,Financial Services,133004,147526652.5,odisha,2021,4
2573,Others,416689,286705478.5,odisha,2021,4
2574,Peer-to-peer payments,118999900,3.64447E+11,odisha,2022,1
2575,Merchant payments,118108271,74302051598,odisha,2022,1
2576,Recharge & bill payments,26083549,12133153537,odisha,2022,1
2577,Financial Services,102802,118946014.4,odisha,2022,1
2578,Others,338977,225699523.4,odisha,2022,1
2579,Merchant payments,148544714,90369380299,odisha,2022,2
2580,Peer-to-peer payments,134717859,4.05794E+11,odisha,2022,2
2581,Recharge & bill payments,29843263,13602640171,odisha,2022,2
2582,Financial Services,88649,95050158.47,odisha,2022,2
2583,Others,257113,174284263.8,odisha,2022,2
2584,Merchant payments,188143417,1.0289E+11,odisha,2022,3
2585,Peer-to-peer payments,161912635,4.44439E+11,odisha,2022,3
2586,Recharge & bill payments,36270166,16916650473,odisha,2022,3
2587,Financial Services,113961,114005499,odisha,2022,3
2588,Others,247147,185902663.4,odisha,2022,3
2589,Merchant payments,222167575,1.21471E+11,odisha,2022,4
2590,Peer-to-peer payments,186438654,5.12125E+11,odisha,2022,4
2591,Recharge & bill payments,36735289,18266150373,odisha,2022,4
2592,Financial Services,132033,149681749.3,odisha,2022,4
2593,Others,241192,205745557.9,odisha,2022,4
2594,Recharge & bill payments,53125,9704752.649,puducherry,2018,1
2595,Peer-to-peer payments,40303,147834476.2,puducherry,2018,1
2596,Merchant payments,4163,4427034.032,puducherry,2018,1
2597,Financial Services,2086,565799.4553,puducherry,2018,1
2598,Others,4535,3293909.071,puducherry,2018,1
2599,Recharge & bill payments,59867,14607336.9,puducherry,2018,2
2600,Peer-to-peer payments,57751,261299695.2,puducherry,2018,2
2601,Merchant payments,6904,6103101.529,puducherry,2018,2
2602,Financial Services,2105,822585.9572,puducherry,2018,2
2603,Others,3634,2968399.962,puducherry,2018,2
2604,Peer-to-peer payments,101817,378368361.4,puducherry,2018,3
2605,Recharge & bill payments,67909,19654338.11,puducherry,2018,3
2606,Merchant payments,14384,16102024.28,puducherry,2018,3
2607,Financial Services,1766,395306.6421,puducherry,2018,3
2608,Others,4395,3138045.1,puducherry,2018,3
2609,Peer-to-peer payments,173170,569825171.3,puducherry,2018,4
2610,Recharge & bill payments,95788,25159891.52,puducherry,2018,4
2611,Merchant payments,29470,25999609.76,puducherry,2018,4
2612,Financial Services,3490,689170.0727,puducherry,2018,4
2613,Others,6046,4017822.739,puducherry,2018,4
2614,Peer-to-peer payments,313822,835983054.3,puducherry,2019,1
2615,Recharge & bill payments,124092,32635247.52,puducherry,2019,1
2616,Merchant payments,54518,33763704.68,puducherry,2019,1
2617,Financial Services,3165,337570.3228,puducherry,2019,1
2618,Others,5495,3753447.525,puducherry,2019,1
2619,Peer-to-peer payments,331248,1109343372,puducherry,2019,2
2620,Recharge & bill payments,147585,46876569.36,puducherry,2019,2
2621,Merchant payments,92941,49963601.62,puducherry,2019,2
2622,Financial Services,1524,469351.5482,puducherry,2019,2
2623,Others,6779,4794015.854,puducherry,2019,2
2624,Peer-to-peer payments,394866,1316118200,puducherry,2019,3
2625,Recharge & bill payments,158483,57003044.3,puducherry,2019,3
2626,Merchant payments,156137,82601335.48,puducherry,2019,3
2627,Financial Services,1090,528680.8976,puducherry,2019,3
2628,Others,6250,4457097.112,puducherry,2019,3
2629,Peer-to-peer payments,559670,1725523873,puducherry,2019,4
2630,Merchant payments,249621,128039884.4,puducherry,2019,4
2631,Recharge & bill payments,195707,74383571.68,puducherry,2019,4
2632,Financial Services,1481,391196.1284,puducherry,2019,4
2633,Others,6176,3689792.246,puducherry,2019,4
2634,Peer-to-peer payments,600290,1919499666,puducherry,2020,1
2635,Merchant payments,349788,184925417.7,puducherry,2020,1
2636,Recharge & bill payments,251115,96515615.44,puducherry,2020,1
2637,Financial Services,1527,858236.5498,puducherry,2020,1
2638,Others,5201,3478541.525,puducherry,2020,1
2639,Peer-to-peer payments,468789,1680190118,puducherry,2020,2
2640,Recharge & bill payments,310746,115223074,puducherry,2020,2
2641,Merchant payments,249951,160931601.3,puducherry,2020,2
2642,Financial Services,1555,2339469.004,puducherry,2020,2
2643,Others,2342,1346718.588,puducherry,2020,2
2644,Peer-to-peer payments,855511,3116583525,puducherry,2020,3
2645,Merchant payments,560420,335583369.7,puducherry,2020,3
2646,Recharge & bill payments,306852,138925436.5,puducherry,2020,3
2647,Financial Services,3039,4788490.363,puducherry,2020,3
2648,Others,5080,2199408.228,puducherry,2020,3
2649,Peer-to-peer payments,1211359,4090057483,puducherry,2020,4
2650,Merchant payments,1108292,647985607.6,puducherry,2020,4
2651,Recharge & bill payments,383707,184037245.7,puducherry,2020,4
2652,Financial Services,3783,3888988.237,puducherry,2020,4
2653,Others,8862,4556893.133,puducherry,2020,4
2654,Peer-to-peer payments,1406958,4798646713,puducherry,2021,1
2655,Merchant payments,1385444,857787315.6,puducherry,2021,1
2656,Recharge & bill payments,504499,231829246.9,puducherry,2021,1
2657,Financial Services,5073,5953397.435,puducherry,2021,1
2658,Others,7458,5092899.254,puducherry,2021,1
2659,Peer-to-peer payments,1581221,5266478797,puducherry,2021,2
2660,Merchant payments,1437110,932602617.3,puducherry,2021,2
2661,Recharge & bill payments,719252,289799593.2,puducherry,2021,2
2662,Financial Services,4851,4980243.908,puducherry,2021,2
2663,Others,8953,4973445.02,puducherry,2021,2
2664,Merchant payments,2273996,1443176801,puducherry,2021,3
2665,Peer-to-peer payments,2089199,6918396494,puducherry,2021,3
2666,Recharge & bill payments,741388,356068931.7,puducherry,2021,3
2667,Financial Services,4733,5523949.081,puducherry,2021,3
2668,Others,12410,6808255.35,puducherry,2021,3
2669,Merchant payments,3052713,1864951566,puducherry,2021,4
2670,Peer-to-peer payments,2530821,8113722339,puducherry,2021,4
2671,Recharge & bill payments,762641,428453211.3,puducherry,2021,4
2672,Financial Services,5995,7655925.109,puducherry,2021,4
2673,Others,16640,8868759.435,puducherry,2021,4
2674,Merchant payments,3723135,2199614586,puducherry,2022,1
2675,Peer-to-peer payments,2901199,9407577502,puducherry,2022,1
2676,Recharge & bill payments,715338,460522863.8,puducherry,2022,1
2677,Financial Services,6203,8184455.912,puducherry,2022,1
2678,Others,13301,7575497.515,puducherry,2022,1
2679,Merchant payments,4613049,2693234775,puducherry,2022,2
2680,Peer-to-peer payments,3242208,10537267922,puducherry,2022,2
2681,Recharge & bill payments,773154,535604974.6,puducherry,2022,2
2682,Financial Services,4914,6556452.522,puducherry,2022,2
2683,Others,10362,6081132.497,puducherry,2022,2
2684,Merchant payments,3992974,2322908509,puducherry,2022,3
2685,Peer-to-peer payments,2474932,8058325856,puducherry,2022,3
2686,Recharge & bill payments,564285,463054690.6,puducherry,2022,3
2687,Financial Services,4621,5514275.579,puducherry,2022,3
2688,Others,5915,4514380.573,puducherry,2022,3
2689,Merchant payments,4464977,2534351531,puducherry,2022,4
2690,Peer-to-peer payments,2547018,8141612224,puducherry,2022,4
2691,Recharge & bill payments,531963,453692483.8,puducherry,2022,4
2692,Financial Services,6073,7875178.045,puducherry,2022,4
2693,Others,6096,4673460.483,puducherry,2022,4
2694,Recharge & bill payments,946338,196018621.4,punjab,2018,1
2695,Peer-to-peer payments,690684,2412434634,punjab,2018,1
2696,Merchant payments,87477,83873893.96,punjab,2018,1
2697,Financial Services,60688,11162488.42,punjab,2018,1
2698,Others,85246,77268587.57,punjab,2018,1
2699,Recharge & bill payments,1262450,395417027.8,punjab,2018,2
2700,Peer-to-peer payments,1017159,4036457554,punjab,2018,2
2701,Merchant payments,147667,159406610.3,punjab,2018,2
2702,Financial Services,82256,17719391.41,punjab,2018,2
2703,Others,71631,75671628.77,punjab,2018,2
2704,Peer-to-peer payments,1684209,6173898401,punjab,2018,3
2705,Recharge & bill payments,1381730,622737633.8,punjab,2018,3
2706,Merchant payments,274458,194883994.6,punjab,2018,3
2707,Financial Services,54285,9429174.535,punjab,2018,3
2708,Others,67426,64737840.4,punjab,2018,3
2709,Peer-to-peer payments,2269375,9404088424,punjab,2018,4
2710,Recharge & bill payments,1817964,825449591.2,punjab,2018,4
2711,Merchant payments,648096,455091549.6,punjab,2018,4
2712,Financial Services,62453,11832962.88,punjab,2018,4
2713,Others,89249,85520045.45,punjab,2018,4
2714,Peer-to-peer payments,4026294,12027441596,punjab,2019,1
2715,Recharge & bill payments,2304690,986004867.8,punjab,2019,1
2716,Merchant payments,711152,478382600.6,punjab,2019,1
2717,Financial Services,45621,6871295.955,punjab,2019,1
2718,Others,84380,75789641.76,punjab,2019,1
2719,Peer-to-peer payments,4140474,16258891447,punjab,2019,2
2720,Recharge & bill payments,2815047,1440058991,punjab,2019,2
2721,Merchant payments,1407963,815090878,punjab,2019,2
2722,Financial Services,37435,6876144.455,punjab,2019,2
2723,Others,108911,93875933.52,punjab,2019,2
2724,Peer-to-peer payments,4726946,19146726287,punjab,2019,3
2725,Recharge & bill payments,3455594,2481094965,punjab,2019,3
2726,Merchant payments,2374014,1183743251,punjab,2019,3
2727,Financial Services,32359,7912219.734,punjab,2019,3
2728,Others,117899,86338883.28,punjab,2019,3
2729,Peer-to-peer payments,6386367,25564144630,punjab,2019,4
2730,Recharge & bill payments,4068332,2622222199,punjab,2019,4
2731,Merchant payments,3122413,1741259163,punjab,2019,4
2732,Financial Services,22956,6382345.43,punjab,2019,4
2733,Others,98557,55793908.46,punjab,2019,4
2734,Peer-to-peer payments,6339183,26350005915,punjab,2020,1
2735,Recharge & bill payments,4935115,2767419473,punjab,2020,1
2736,Merchant payments,3838480,2196329615,punjab,2020,1
2737,Financial Services,17924,10987850.96,punjab,2020,1
2738,Others,87082,49442411.67,punjab,2020,1
2739,Recharge & bill payments,6064807,3089758241,punjab,2020,2
2740,Peer-to-peer payments,5639212,25074384847,punjab,2020,2
2741,Merchant payments,2290868,2058898904,punjab,2020,2
2742,Financial Services,23314,23704957.88,punjab,2020,2
2743,Others,63093,37907301.35,punjab,2020,2
2744,Peer-to-peer payments,7354451,32477438924,punjab,2020,3
2745,Recharge & bill payments,5478668,4066750821,punjab,2020,3
2746,Merchant payments,4261548,3490665357,punjab,2020,3
2747,Financial Services,32390,42060249.33,punjab,2020,3
2748,Others,82516,46176796.08,punjab,2020,3
2749,Peer-to-peer payments,9609405,43286909257,punjab,2020,4
2750,Merchant payments,7144295,6142380827,punjab,2020,4
2751,Recharge & bill payments,6072201,4201551870,punjab,2020,4
2752,Financial Services,38820,51677182.32,punjab,2020,4
2753,Others,133204,92887343.34,punjab,2020,4
2754,Peer-to-peer payments,10951083,46908632143,punjab,2021,1
2755,Merchant payments,9333364,7651004599,punjab,2021,1
2756,Recharge & bill payments,6332928,3980874403,punjab,2021,1
2757,Financial Services,43094,52009482.41,punjab,2021,1
2758,Others,110366,98366463.19,punjab,2021,1
2759,Peer-to-peer payments,13180933,55282486111,punjab,2021,2
2760,Merchant payments,11225598,9710508482,punjab,2021,2
2761,Recharge & bill payments,7591039,4370756869,punjab,2021,2
2762,Financial Services,46218,53309051.07,punjab,2021,2
2763,Others,127460,113998049.3,punjab,2021,2
2764,Peer-to-peer payments,17024782,66149902036,punjab,2021,3
2765,Merchant payments,16837685,14103740969,punjab,2021,3
2766,Recharge & bill payments,8465739,5540272095,punjab,2021,3
2767,Financial Services,43789,63576666.59,punjab,2021,3
2768,Others,161494,135069073.8,punjab,2021,3
2769,Merchant payments,22669743,20753662876,punjab,2021,4
2770,Peer-to-peer payments,20663881,83611403637,punjab,2021,4
2771,Recharge & bill payments,8765579,6107473172,punjab,2021,4
2772,Financial Services,58581,86356456.6,punjab,2021,4
2773,Others,201576,151230100.6,punjab,2021,4
2774,Merchant payments,25979197,23217511697,punjab,2022,1
2775,Peer-to-peer payments,22354946,88645204329,punjab,2022,1
2776,Recharge & bill payments,9188439,6317909909,punjab,2022,1
2777,Financial Services,57561,83933665.01,punjab,2022,1
2778,Others,178159,125418507,punjab,2022,1
2779,Merchant payments,35941880,28585688544,punjab,2022,2
2780,Peer-to-peer payments,25952349,1.00938E+11,punjab,2022,2
2781,Recharge & bill payments,10161030,7652499714,punjab,2022,2
2782,Financial Services,50483,57234782.46,punjab,2022,2
2783,Others,167081,111934787.8,punjab,2022,2
2784,Merchant payments,43089589,32370885165,punjab,2022,3
2785,Peer-to-peer payments,29862592,1.07653E+11,punjab,2022,3
2786,Recharge & bill payments,11017816,9119649329,punjab,2022,3
2787,Financial Services,57979,68249938.54,punjab,2022,3
2788,Others,149921,107280498.8,punjab,2022,3
2789,Merchant payments,48358802,38162493193,punjab,2022,4
2790,Peer-to-peer payments,32377106,1.20513E+11,punjab,2022,4
2791,Recharge & bill payments,10895208,9248445986,punjab,2022,4
2792,Financial Services,62809,72160390.23,punjab,2022,4
2793,Others,141255,111559653.6,punjab,2022,4
2794,Recharge & bill payments,4305940,868358581.2,rajasthan,2018,1
2795,Peer-to-peer payments,2540658,7547652853,rajasthan,2018,1
2796,Financial Services,202537,37125466.5,rajasthan,2018,1
2797,Merchant payments,184127,201212697.3,rajasthan,2018,1
2798,Others,358428,271943533.1,rajasthan,2018,1
2799,Recharge & bill payments,5288093,1511007056,rajasthan,2018,2
2800,Peer-to-peer payments,3770555,13341587602,rajasthan,2018,2
2801,Merchant payments,345752,342809667.6,rajasthan,2018,2
2802,Financial Services,279471,52145152.94,rajasthan,2018,2
2803,Others,289826,311536696.7,rajasthan,2018,2
2804,Peer-to-peer payments,7120792,21010614922,rajasthan,2018,3
2805,Recharge & bill payments,5894660,2252031410,rajasthan,2018,3
2806,Merchant payments,711240,445504998,rajasthan,2018,3
2807,Financial Services,230083,30185982.18,rajasthan,2018,3
2808,Others,300323,302431358.9,rajasthan,2018,3
2809,Peer-to-peer payments,10752729,33578327038,rajasthan,2018,4
2810,Recharge & bill payments,7557003,2743591539,rajasthan,2018,4
2811,Merchant payments,1985927,1172254324,rajasthan,2018,4
2812,Financial Services,311632,40412563.01,rajasthan,2018,4
2813,Others,352432,374501619.8,rajasthan,2018,4
2814,Peer-to-peer payments,27621606,55246071722,rajasthan,2019,1
2815,Recharge & bill payments,11650961,3821181817,rajasthan,2019,1
2816,Merchant payments,3921438,1664209335,rajasthan,2019,1
2817,Financial Services,359993,36340412.58,rajasthan,2019,1
2818,Others,402042,373355289.6,rajasthan,2019,1
2819,Peer-to-peer payments,25257679,79466464089,rajasthan,2019,2
2820,Recharge & bill payments,14968290,5709279551,rajasthan,2019,2
2821,Merchant payments,9026751,3435472167,rajasthan,2019,2
2822,Financial Services,182685,34134486.76,rajasthan,2019,2
2823,Others,573881,461962878.5,rajasthan,2019,2
2824,Peer-to-peer payments,29885618,97443950787,rajasthan,2019,3
2825,Merchant payments,19646612,6705923743,rajasthan,2019,3
2826,Recharge & bill payments,16970783,7872719572,rajasthan,2019,3
2827,Financial Services,217029,37899900.33,rajasthan,2019,3
2828,Others,583575,407796030.9,rajasthan,2019,3
2829,Peer-to-peer payments,43354317,1.40449E+11,rajasthan,2019,4
2830,Recharge & bill payments,20604852,9028860435,rajasthan,2019,4
2831,Merchant payments,20544791,9721826538,rajasthan,2019,4
2832,Financial Services,101805,25014672.38,rajasthan,2019,4
2833,Others,468477,227573686.6,rajasthan,2019,4
2834,Peer-to-peer payments,48269912,1.65469E+11,rajasthan,2020,1
2835,Merchant payments,27880848,13643061482,rajasthan,2020,1
2836,Recharge & bill payments,25631131,10961167180,rajasthan,2020,1
2837,Financial Services,72604,34466606.25,rajasthan,2020,1
2838,Others,404317,200968968.7,rajasthan,2020,1
2839,Peer-to-peer payments,49160792,1.66176E+11,rajasthan,2020,2
2840,Recharge & bill payments,31681776,13014051936,rajasthan,2020,2
2841,Merchant payments,20756594,14354151782,rajasthan,2020,2
2842,Financial Services,92875,76662259.21,rajasthan,2020,2
2843,Others,262619,142020149.8,rajasthan,2020,2
2844,Peer-to-peer payments,73247856,2.49007E+11,rajasthan,2020,3
2845,Merchant payments,45149210,27714680562,rajasthan,2020,3
2846,Recharge & bill payments,30148875,16650017441,rajasthan,2020,3
2847,Financial Services,146383,113675141.5,rajasthan,2020,3
2848,Others,396352,193212778.7,rajasthan,2020,3
2849,Peer-to-peer payments,88730951,3.21281E+11,rajasthan,2020,4
2850,Merchant payments,67367264,46142484518,rajasthan,2020,4
2851,Recharge & bill payments,33455755,18123908526,rajasthan,2020,4
2852,Financial Services,169294,136058685.9,rajasthan,2020,4
2853,Others,560171,351480425.6,rajasthan,2020,4
2854,Peer-to-peer payments,116733195,4.0819E+11,rajasthan,2021,1
2855,Merchant payments,96394132,61936457709,rajasthan,2021,1
2856,Recharge & bill payments,38919519,20855464604,rajasthan,2021,1
2857,Financial Services,192936,162581466.9,rajasthan,2021,1
2858,Others,491137,347689722.9,rajasthan,2021,1
2859,Peer-to-peer payments,139277445,4.67784E+11,rajasthan,2021,2
2860,Merchant payments,97860493,69922875807,rajasthan,2021,2
2861,Recharge & bill payments,49501703,23387103756,rajasthan,2021,2
2862,Financial Services,216441,186606893.6,rajasthan,2021,2
2863,Others,620957,422031947.6,rajasthan,2021,2
2864,Peer-to-peer payments,181742972,5.75913E+11,rajasthan,2021,3
2865,Merchant payments,167819345,1.05548E+11,rajasthan,2021,3
2866,Recharge & bill payments,49709657,28335516739,rajasthan,2021,3
2867,Financial Services,197211,190362135.9,rajasthan,2021,3
2868,Others,815568,524328574.3,rajasthan,2021,3
2869,Merchant payments,221774624,1.51968E+11,rajasthan,2021,4
2870,Peer-to-peer payments,212937264,7.18215E+11,rajasthan,2021,4
2871,Recharge & bill payments,51610607,32831163303,rajasthan,2021,4
2872,Financial Services,265091,263180819.7,rajasthan,2021,4
2873,Others,1034011,656777820.8,rajasthan,2021,4
2874,Merchant payments,267467038,1.71182E+11,rajasthan,2022,1
2875,Peer-to-peer payments,241739380,8.14525E+11,rajasthan,2022,1
2876,Recharge & bill payments,54555117,35542881861,rajasthan,2022,1
2877,Financial Services,244029,243340851.7,rajasthan,2022,1
2878,Others,956656,556409604.9,rajasthan,2022,1
2879,Merchant payments,336900860,2.08239E+11,rajasthan,2022,2
2880,Peer-to-peer payments,263380560,9.05641E+11,rajasthan,2022,2
2881,Recharge & bill payments,59879660,38325678034,rajasthan,2022,2
2882,Financial Services,170705,175399371.4,rajasthan,2022,2
2883,Others,838365,452454748.3,rajasthan,2022,2
2884,Merchant payments,398104319,2.3061E+11,rajasthan,2022,3
2885,Peer-to-peer payments,299383118,9.61209E+11,rajasthan,2022,3
2886,Recharge & bill payments,69118763,46000391408,rajasthan,2022,3
2887,Financial Services,215235,220271929.8,rajasthan,2022,3
2888,Others,719925,449514643.6,rajasthan,2022,3
2889,Merchant payments,457778005,2.75195E+11,rajasthan,2022,4
2890,Peer-to-peer payments,334316758,1.13038E+12,rajasthan,2022,4
2891,Recharge & bill payments,72510470,50609988782,rajasthan,2022,4
2892,Financial Services,244442,270658681,rajasthan,2022,4
2893,Others,725173,500361375.7,rajasthan,2022,4
2894,Recharge & bill payments,26965,4823943.542,sikkim,2018,1
2895,Peer-to-peer payments,13559,56334584.63,sikkim,2018,1
2896,Merchant payments,1349,1677583.144,sikkim,2018,1
2897,Financial Services,608,86906.81958,sikkim,2018,1
2898,Others,1597,1727920.802,sikkim,2018,1
2899,Recharge & bill payments,45435,9465769.856,sikkim,2018,2
2900,Peer-to-peer payments,24237,127051984.4,sikkim,2018,2
2901,Merchant payments,2556,4713227.148,sikkim,2018,2
2902,Financial Services,562,218130.13,sikkim,2018,2
2903,Others,1788,2243974.008,sikkim,2018,2
2904,Recharge & bill payments,58421,12221506.19,sikkim,2018,3
2905,Peer-to-peer payments,43195,215547415.5,sikkim,2018,3
2906,Merchant payments,4521,5322296.748,sikkim,2018,3
2907,Financial Services,562,261766.8022,sikkim,2018,3
2908,Others,1801,1727241.758,sikkim,2018,3
2909,Recharge & bill payments,79232,16713780.63,sikkim,2018,4
2910,Peer-to-peer payments,65451,351253329.7,sikkim,2018,4
2911,Merchant payments,7452,12637809.24,sikkim,2018,4
2912,Financial Services,717,596472.7146,sikkim,2018,4
2913,Others,1681,1939965.754,sikkim,2018,4
2914,Peer-to-peer payments,121984,422987999.9,sikkim,2019,1
2915,Recharge & bill payments,96878,20711589.87,sikkim,2019,1
2916,Merchant payments,18346,11837344.85,sikkim,2019,1
2917,Financial Services,1225,191594.2334,sikkim,2019,1
2918,Others,1854,2265105.535,sikkim,2019,1
2919,Peer-to-peer payments,172125,674044301.8,sikkim,2019,2
2920,Recharge & bill payments,142582,32535297.49,sikkim,2019,2
2921,Merchant payments,66722,28248001.03,sikkim,2019,2
2922,Financial Services,2294,310197.5477,sikkim,2019,2
2923,Others,4521,3756445.532,sikkim,2019,2
2924,Peer-to-peer payments,203052,794235862.6,sikkim,2019,3
2925,Merchant payments,188753,52337322.53,sikkim,2019,3
2926,Recharge & bill payments,156125,33922224.89,sikkim,2019,3
2927,Financial Services,288,548142.9,sikkim,2019,3
2928,Others,4218,3672895.49,sikkim,2019,3
2929,Peer-to-peer payments,508471,1086457148,sikkim,2019,4
2930,Recharge & bill payments,181287,42705664.09,sikkim,2019,4
2931,Merchant payments,73992,43954548.8,sikkim,2019,4
2932,Financial Services,373,494076.3451,sikkim,2019,4
2933,Others,2947,2898164.48,sikkim,2019,4
2934,Peer-to-peer payments,230413,954765350.2,sikkim,2020,1
2935,Recharge & bill payments,215586,53588505.84,sikkim,2020,1
2936,Merchant payments,79881,43201695.39,sikkim,2020,1
2937,Financial Services,345,175569.5393,sikkim,2020,1
2938,Others,1893,1745150.991,sikkim,2020,1
2939,Recharge & bill payments,297620,78397187.11,sikkim,2020,2
2940,Peer-to-peer payments,186495,939900165.9,sikkim,2020,2
2941,Merchant payments,31442,34385184.66,sikkim,2020,2
2942,Financial Services,883,999656.0722,sikkim,2020,2
2943,Others,1291,936594.4803,sikkim,2020,2
2944,Recharge & bill payments,298885,83894642.67,sikkim,2020,3
2945,Peer-to-peer payments,245087,1255521153,sikkim,2020,3
2946,Merchant payments,49299,58337178.67,sikkim,2020,3
2947,Financial Services,1252,1795366.733,sikkim,2020,3
2948,Others,1912,1378387.617,sikkim,2020,3
2949,Peer-to-peer payments,334069,1711730127,sikkim,2020,4
2950,Recharge & bill payments,301382,90168624.05,sikkim,2020,4
2951,Merchant payments,95503,112478003.9,sikkim,2020,4
2952,Financial Services,1427,2361187.592,sikkim,2020,4
2953,Others,2654,2537863.028,sikkim,2020,4
2954,Peer-to-peer payments,403703,1965492630,sikkim,2021,1
2955,Recharge & bill payments,279679,93174110.11,sikkim,2021,1
2956,Merchant payments,112925,154183320.1,sikkim,2021,1
2957,Financial Services,1844,3027799.278,sikkim,2021,1
2958,Others,2038,1789867.734,sikkim,2021,1
2959,Peer-to-peer payments,473141,2125758497,sikkim,2021,2
2960,Recharge & bill payments,345495,103846501.5,sikkim,2021,2
2961,Merchant payments,153671,190473176.2,sikkim,2021,2
2962,Financial Services,1865,2851874.287,sikkim,2021,2
2963,Others,2542,1969531.029,sikkim,2021,2
2964,Peer-to-peer payments,595826,2582075089,sikkim,2021,3
2965,Recharge & bill payments,346173,111613776.8,sikkim,2021,3
2966,Merchant payments,213808,290732930.5,sikkim,2021,3
2967,Financial Services,1689,2624558.386,sikkim,2021,3
2968,Others,3098,2290508.817,sikkim,2021,3
2969,Peer-to-peer payments,831597,3548508410,sikkim,2021,4
2970,Recharge & bill payments,376078,136473754.4,sikkim,2021,4
2971,Merchant payments,369343,504586163.6,sikkim,2021,4
2972,Financial Services,2269,3162023.721,sikkim,2021,4
2973,Others,5058,4052910.301,sikkim,2021,4
2974,Peer-to-peer payments,916940,3650961081,sikkim,2022,1
2975,Merchant payments,449273,570784579.7,sikkim,2022,1
2976,Recharge & bill payments,371579,139135962.1,sikkim,2022,1
2977,Financial Services,2124,3062332.164,sikkim,2022,1
2978,Others,4386,3487320.926,sikkim,2022,1
2979,Peer-to-peer payments,1198014,4596501308,sikkim,2022,2
2980,Merchant payments,706658,847497607.1,sikkim,2022,2
2981,Recharge & bill payments,411189,162174479.7,sikkim,2022,2
2982,Financial Services,1758,1861284.797,sikkim,2022,2
2983,Others,4462,3070990.528,sikkim,2022,2
2984,Peer-to-peer payments,1222037,4173703594,sikkim,2022,3
2985,Merchant payments,772650,830361401,sikkim,2022,3
2986,Recharge & bill payments,397207,153567926.3,sikkim,2022,3
2987,Financial Services,1538,2851319.548,sikkim,2022,3
2988,Others,3326,2396303.405,sikkim,2022,3
2989,Peer-to-peer payments,1548662,5175155339,sikkim,2022,4
2990,Merchant payments,1033541,1096220774,sikkim,2022,4
2991,Recharge & bill payments,470639,181281682.3,sikkim,2022,4
2992,Financial Services,2049,2701971.789,sikkim,2022,4
2993,Others,3448,3025622.232,sikkim,2022,4
2994,Recharge & bill payments,3308548,646028338.4,tamil-nadu,2018,1
2995,Peer-to-peer payments,2670613,10031518934,tamil-nadu,2018,1
2996,Merchant payments,326510,272002057.2,tamil-nadu,2018,1
2997,Financial Services,115363,31876073.75,tamil-nadu,2018,1
2998,Others,305588,280132294.1,tamil-nadu,2018,1
2999,Recharge & bill payments,4464677,1189892956,tamil-nadu,2018,2
3000,Peer-to-peer payments,4433762,18067624388,tamil-nadu,2018,2
3001,Merchant payments,627918,517130320.5,tamil-nadu,2018,2
3002,Financial Services,167035,65402385.26,tamil-nadu,2018,2
3003,Others,298736,285794226.6,tamil-nadu,2018,2
3004,Peer-to-peer payments,8810836,26792462660,tamil-nadu,2018,3
3005,Recharge & bill payments,5148411,1521551955,tamil-nadu,2018,3
3006,Merchant payments,1290978,733189649.6,tamil-nadu,2018,3
3007,Financial Services,191732,37049222.37,tamil-nadu,2018,3
3008,Others,332121,245838754,tamil-nadu,2018,3
3009,Peer-to-peer payments,11538547,39180083691,tamil-nadu,2018,4
3010,Recharge & bill payments,7093764,2020329568,tamil-nadu,2018,4
3011,Merchant payments,3145621,1742903221,tamil-nadu,2018,4
3012,Financial Services,228398,46571758.68,tamil-nadu,2018,4
3013,Others,451114,312185737.4,tamil-nadu,2018,4
3014,Peer-to-peer payments,18645926,51296299081,tamil-nadu,2019,1
3015,Recharge & bill payments,8863289,2695317015,tamil-nadu,2019,1
3016,Merchant payments,4195222,1924461189,tamil-nadu,2019,1
3017,Financial Services,193261,31217137.55,tamil-nadu,2019,1
3018,Others,377347,256742393.3,tamil-nadu,2019,1
3019,Peer-to-peer payments,16952961,57924128549,tamil-nadu,2019,2
3020,Recharge & bill payments,8414514,3280033640,tamil-nadu,2019,2
3021,Merchant payments,6296995,2690331793,tamil-nadu,2019,2
3022,Financial Services,70142,18334602.39,tamil-nadu,2019,2
3023,Others,437125,294847441.9,tamil-nadu,2019,2
3024,Peer-to-peer payments,21277636,70615331409,tamil-nadu,2019,3
3025,Merchant payments,10344027,4079315733,tamil-nadu,2019,3
3026,Recharge & bill payments,9246678,3964144354,tamil-nadu,2019,3
3027,Financial Services,88261,27213741.83,tamil-nadu,2019,3
3028,Others,453581,273599406.2,tamil-nadu,2019,3
3029,Peer-to-peer payments,28814008,91858026341,tamil-nadu,2019,4
3030,Merchant payments,16153034,6420193205,tamil-nadu,2019,4
3031,Recharge & bill payments,11157765,4681454398,tamil-nadu,2019,4
3032,Financial Services,60624,24332240.66,tamil-nadu,2019,4
3033,Others,410980,206859328.3,tamil-nadu,2019,4
3034,Peer-to-peer payments,30880360,1.01908E+11,tamil-nadu,2020,1
3035,Merchant payments,21541556,8950736938,tamil-nadu,2020,1
3036,Recharge & bill payments,14134259,5493239430,tamil-nadu,2020,1
3037,Financial Services,61427,41422107.81,tamil-nadu,2020,1
3038,Others,335871,176604658.4,tamil-nadu,2020,1
3039,Peer-to-peer payments,21700844,82347647064,tamil-nadu,2020,2
3040,Recharge & bill payments,18474731,6414781159,tamil-nadu,2020,2
3041,Merchant payments,11477546,6909361872,tamil-nadu,2020,2
3042,Financial Services,78584,89189349.85,tamil-nadu,2020,2
3043,Others,138405,65529451.74,tamil-nadu,2020,2
3044,Peer-to-peer payments,31754077,1.23561E+11,tamil-nadu,2020,3
3045,Merchant payments,20664887,12554589576,tamil-nadu,2020,3
3046,Recharge & bill payments,17521756,7476952307,tamil-nadu,2020,3
3047,Financial Services,129671,158512062.5,tamil-nadu,2020,3
3048,Others,207434,90281020.16,tamil-nadu,2020,3
3049,Peer-to-peer payments,47800741,1.72196E+11,tamil-nadu,2020,4
3050,Merchant payments,41297305,24417758782,tamil-nadu,2020,4
3051,Recharge & bill payments,21563946,9462546013,tamil-nadu,2020,4
3052,Financial Services,153044,186775413.1,tamil-nadu,2020,4
3053,Others,364665,209735503.5,tamil-nadu,2020,4
3054,Peer-to-peer payments,57446279,2.06405E+11,tamil-nadu,2021,1
3055,Merchant payments,53811885,30722779535,tamil-nadu,2021,1
3056,Recharge & bill payments,24826273,11115915389,tamil-nadu,2021,1
3057,Financial Services,170620,215319360.5,tamil-nadu,2021,1
3058,Others,301617,208899281.9,tamil-nadu,2021,1
3059,Peer-to-peer payments,60812902,2.16379E+11,tamil-nadu,2021,2
3060,Merchant payments,52048347,33504798113,tamil-nadu,2021,2
3061,Recharge & bill payments,32753032,13155346942,tamil-nadu,2021,2
3062,Financial Services,192614,225113402.7,tamil-nadu,2021,2
3063,Others,351547,223054882.4,tamil-nadu,2021,2
3064,Merchant payments,85074941,52932187059,tamil-nadu,2021,3
3065,Peer-to-peer payments,83833356,2.96121E+11,tamil-nadu,2021,3
3066,Recharge & bill payments,34751691,15613287082,tamil-nadu,2021,3
3067,Financial Services,182097,246146707.3,tamil-nadu,2021,3
3068,Others,515319,294622911.6,tamil-nadu,2021,3
3069,Merchant payments,117578360,70539086832,tamil-nadu,2021,4
3070,Peer-to-peer payments,104493071,3.53529E+11,tamil-nadu,2021,4
3071,Recharge & bill payments,36163870,18979178478,tamil-nadu,2021,4
3072,Financial Services,228761,275850497.1,tamil-nadu,2021,4
3073,Others,691914,400412189.8,tamil-nadu,2021,4
3074,Merchant payments,139788772,81798208976,tamil-nadu,2022,1
3075,Peer-to-peer payments,119383791,4.09632E+11,tamil-nadu,2022,1
3076,Recharge & bill payments,34579431,20705079141,tamil-nadu,2022,1
3077,Financial Services,241201,298216135.4,tamil-nadu,2022,1
3078,Others,579955,355987089.8,tamil-nadu,2022,1
3079,Merchant payments,179245529,1.00813E+11,tamil-nadu,2022,2
3080,Peer-to-peer payments,136341691,4.64333E+11,tamil-nadu,2022,2
3081,Recharge & bill payments,38257271,24477663684,tamil-nadu,2022,2
3082,Financial Services,202498,233054909,tamil-nadu,2022,2
3083,Others,459948,277767177,tamil-nadu,2022,2
3084,Merchant payments,202149276,1.09801E+11,tamil-nadu,2022,3
3085,Peer-to-peer payments,148805657,4.9388E+11,tamil-nadu,2022,3
3086,Recharge & bill payments,41919063,27694221703,tamil-nadu,2022,3
3087,Financial Services,217741,238069828.2,tamil-nadu,2022,3
3088,Others,404438,265434770.8,tamil-nadu,2022,3
3089,Merchant payments,229308285,1.18848E+11,tamil-nadu,2022,4
3090,Peer-to-peer payments,162920305,5.26511E+11,tamil-nadu,2022,4
3091,Recharge & bill payments,43391904,29719449171,tamil-nadu,2022,4
3092,Financial Services,295740,334812023.6,tamil-nadu,2022,4
3093,Others,400402,275988847.1,tamil-nadu,2022,4
3094,Recharge & bill payments,4209319,831912767.6,telangana,2018,1
3095,Peer-to-peer payments,3307245,11748268951,telangana,2018,1
3096,Merchant payments,351474,282899066.6,telangana,2018,1
3097,Financial Services,262876,57011875.36,telangana,2018,1
3098,Others,391852,388111458.2,telangana,2018,1
3099,Peer-to-peer payments,4784079,20748520743,telangana,2018,2
3100,Recharge & bill payments,4686542,1274130054,telangana,2018,2
3101,Merchant payments,701082,551696487.3,telangana,2018,2
3102,Financial Services,277805,85498213.25,telangana,2018,2
3103,Others,315162,357356020.7,telangana,2018,2
3104,Peer-to-peer payments,11560952,29253505739,telangana,2018,3
3105,Recharge & bill payments,5328881,1568136061,telangana,2018,3
3106,Merchant payments,1770075,855534175.5,telangana,2018,3
3107,Financial Services,307312,52554123.97,telangana,2018,3
3108,Others,365483,300363110.8,telangana,2018,3
3109,Peer-to-peer payments,15571288,44541667502,telangana,2018,4
3110,Recharge & bill payments,7121135,2165870863,telangana,2018,4
3111,Merchant payments,5315161,2356841305,telangana,2018,4
3112,Financial Services,392423,64569231.24,telangana,2018,4
3113,Others,521147,380139546.9,telangana,2018,4
3114,Peer-to-peer payments,40488967,87361237975,telangana,2019,1
3115,Merchant payments,12341901,4144368546,telangana,2019,1
3116,Recharge & bill payments,11525394,3619117615,telangana,2019,1
3117,Financial Services,463688,54547989.28,telangana,2019,1
3118,Others,470752,343989909.9,telangana,2019,1
3119,Peer-to-peer payments,46741594,1.41096E+11,telangana,2019,2
3120,Merchant payments,25682382,8442740781,telangana,2019,2
3121,Recharge & bill payments,16225017,5603477829,telangana,2019,2
3122,Financial Services,252173,43627344.86,telangana,2019,2
3123,Others,709213,490894328.4,telangana,2019,2
3124,Peer-to-peer payments,59981113,1.80343E+11,telangana,2019,3
3125,Merchant payments,44035953,14308557741,telangana,2019,3
3126,Recharge & bill payments,16437222,6793699069,telangana,2019,3
3127,Financial Services,183163,39617186.74,telangana,2019,3
3128,Others,857925,445278745.4,telangana,2019,3
3129,Peer-to-peer payments,82587060,2.49347E+11,telangana,2019,4
3130,Merchant payments,59347809,21510626607,telangana,2019,4
3131,Recharge & bill payments,20797056,9561315125,telangana,2019,4
3132,Financial Services,137291,33453857.4,telangana,2019,4
3133,Others,703042,294688962.7,telangana,2019,4
3134,Peer-to-peer payments,95668911,3.27642E+11,telangana,2020,1
3135,Merchant payments,76818285,31076431478,telangana,2020,1
3136,Recharge & bill payments,26324268,12324266105,telangana,2020,1
3137,Financial Services,88184,59500639.39,telangana,2020,1
3138,Others,509877,241784101.5,telangana,2020,1
3139,Peer-to-peer payments,76683293,2.79479E+11,telangana,2020,2
3140,Merchant payments,44181999,26712043205,telangana,2020,2
3141,Recharge & bill payments,30885875,15106945864,telangana,2020,2
3142,Financial Services,116776,134169906.7,telangana,2020,2
3143,Others,187200,100126467.2,telangana,2020,2
3144,Peer-to-peer payments,116668399,4.37459E+11,telangana,2020,3
3145,Merchant payments,86836471,49743225885,telangana,2020,3
3146,Recharge & bill payments,32352860,18378477088,telangana,2020,3
3147,Financial Services,195857,223377023.5,telangana,2020,3
3148,Others,318539,156875854.6,telangana,2020,3
3149,Peer-to-peer payments,160607487,5.91977E+11,telangana,2020,4
3150,Merchant payments,143897953,81725950703,telangana,2020,4
3151,Recharge & bill payments,38174710,22006183349,telangana,2020,4
3152,Financial Services,230134,275357720,telangana,2020,4
3153,Others,733503,366346176.4,telangana,2020,4
3154,Merchant payments,185230619,95927278281,telangana,2021,1
3155,Peer-to-peer payments,179738195,6.76276E+11,telangana,2021,1
3156,Recharge & bill payments,46371555,26447601339,telangana,2021,1
3157,Financial Services,262473,320153410.2,telangana,2021,1
3158,Others,969268,387877900.5,telangana,2021,1
3159,Peer-to-peer payments,230861833,8.72152E+11,telangana,2021,2
3160,Merchant payments,205232899,1.23208E+11,telangana,2021,2
3161,Recharge & bill payments,58637866,31877277168,telangana,2021,2
3162,Financial Services,278546,300569264.1,telangana,2021,2
3163,Others,856400,420723415.9,telangana,2021,2
3164,Merchant payments,286735350,1.59227E+11,telangana,2021,3
3165,Peer-to-peer payments,271436926,9.81755E+11,telangana,2021,3
3166,Recharge & bill payments,62744121,36434881136,telangana,2021,3
3167,Financial Services,235519,329138539.5,telangana,2021,3
3168,Others,1734852,543116826.3,telangana,2021,3
3169,Merchant payments,376584215,2.12975E+11,telangana,2021,4
3170,Peer-to-peer payments,331774591,1.20499E+12,telangana,2021,4
3171,Recharge & bill payments,66477036,44760398983,telangana,2021,4
3172,Financial Services,298871,392141743.7,telangana,2021,4
3173,Others,855060,639658842.9,telangana,2021,4
3174,Merchant payments,449186799,2.43842E+11,telangana,2022,1
3175,Peer-to-peer payments,368048408,1.37529E+12,telangana,2022,1
3176,Recharge & bill payments,66352138,50470450180,telangana,2022,1
3177,Financial Services,284035,394283511.9,telangana,2022,1
3178,Others,2582005,642005688.8,telangana,2022,1
3179,Merchant payments,565370506,3.07468E+11,telangana,2022,2
3180,Peer-to-peer payments,422056582,1.58001E+12,telangana,2022,2
3181,Recharge & bill payments,75099130,63136761649,telangana,2022,2
3182,Financial Services,245023,324857780.6,telangana,2022,2
3183,Others,611316,470432687.4,telangana,2022,2
3184,Merchant payments,880414292,4.47151E+11,telangana,2022,3
3185,Peer-to-peer payments,626830752,2.17017E+12,telangana,2022,3
3186,Recharge & bill payments,119779835,87937210666,telangana,2022,3
3187,Financial Services,340458,442783619.1,telangana,2022,3
3188,Others,800064,621900924.4,telangana,2022,3
3189,Merchant payments,1002521735,4.91556E+11,telangana,2022,4
3190,Peer-to-peer payments,694612831,2.39338E+12,telangana,2022,4
3191,Recharge & bill payments,121188131,92136759501,telangana,2022,4
3192,Financial Services,401838,498719426,telangana,2022,4
3193,Others,782297,680680558.3,telangana,2022,4
3194,Recharge & bill payments,86819,14079439.57,tripura,2018,1
3195,Peer-to-peer payments,44844,112229995,tripura,2018,1
3196,Financial Services,4842,672247.5882,tripura,2018,1
3197,Merchant payments,4833,6080959.883,tripura,2018,1
3198,Others,6819,4916272.513,tripura,2018,1
3199,Recharge & bill payments,118171,22554398.15,tripura,2018,2
3200,Peer-to-peer payments,73821,197666881.9,tripura,2018,2
3201,Merchant payments,9621,10570951.15,tripura,2018,2
3202,Financial Services,6925,1264101.905,tripura,2018,2
3203,Others,6021,4835385.634,tripura,2018,2
3204,Peer-to-peer payments,186065,398867427.3,tripura,2018,3
3205,Recharge & bill payments,156308,33484811.21,tripura,2018,3
3206,Merchant payments,21476,16092396.41,tripura,2018,3
3207,Financial Services,8106,1080000.011,tripura,2018,3
3208,Others,5748,4338753.081,tripura,2018,3
3209,Recharge & bill payments,204720,38334816.66,tripura,2018,4
3210,Peer-to-peer payments,179739,549068822.4,tripura,2018,4
3211,Merchant payments,50888,31066467.63,tripura,2018,4
3212,Financial Services,6441,1023126.821,tripura,2018,4
3213,Others,6271,5392365.974,tripura,2018,4
3214,Peer-to-peer payments,296993,679165332.8,tripura,2019,1
3215,Recharge & bill payments,227997,44429378.42,tripura,2019,1
3216,Merchant payments,46642,28109966.32,tripura,2019,1
3217,Financial Services,4189,461473.5886,tripura,2019,1
3218,Others,5105,4728790.472,tripura,2019,1
3219,Peer-to-peer payments,240776,751113516.2,tripura,2019,2
3220,Recharge & bill payments,218649,48989430.61,tripura,2019,2
3221,Merchant payments,64829,35275706.83,tripura,2019,2
3222,Financial Services,1899,339184.3345,tripura,2019,2
3223,Others,6405,6103644.851,tripura,2019,2
3224,Recharge & bill payments,339539,81845425.35,tripura,2019,3
3225,Peer-to-peer payments,270163,884623553.9,tripura,2019,3
3226,Merchant payments,68399,44802063.64,tripura,2019,3
3227,Financial Services,27970,582020.9903,tripura,2019,3
3228,Others,5646,5524358.927,tripura,2019,3
3229,Recharge & bill payments,373779,88001651.29,tripura,2019,4
3230,Peer-to-peer payments,359076,1071507586,tripura,2019,4
3231,Merchant payments,62458,51274033.72,tripura,2019,4
3232,Financial Services,2239,377097.6671,tripura,2019,4
3233,Others,4272,4239791.585,tripura,2019,4
3234,Recharge & bill payments,449584,114355218,tripura,2020,1
3235,Peer-to-peer payments,366218,1400694934,tripura,2020,1
3236,Merchant payments,102861,68590603.64,tripura,2020,1
3237,Financial Services,1722,1066651.522,tripura,2020,1
3238,Others,4117,4071399.624,tripura,2020,1
3239,Recharge & bill payments,600206,163220166.8,tripura,2020,2
3240,Peer-to-peer payments,346863,1501452756,tripura,2020,2
3241,Merchant payments,97816,99795973.61,tripura,2020,2
3242,Financial Services,2904,2247782.522,tripura,2020,2
3243,Others,4731,2459205.001,tripura,2020,2
3244,Recharge & bill payments,627363,185201997.3,tripura,2020,3
3245,Peer-to-peer payments,477769,1959371083,tripura,2020,3
3246,Merchant payments,202106,190218136.3,tripura,2020,3
3247,Financial Services,3828,3141391.576,tripura,2020,3
3248,Others,6819,3886908.163,tripura,2020,3
3249,Peer-to-peer payments,650386,2683789890,tripura,2020,4
3250,Recharge & bill payments,631611,192385823.4,tripura,2020,4
3251,Merchant payments,357567,296872485.4,tripura,2020,4
3252,Financial Services,4084,3666639.309,tripura,2020,4
3253,Others,8242,5416158.233,tripura,2020,4
3254,Peer-to-peer payments,643366,2821226151,tripura,2021,1
3255,Recharge & bill payments,508718,173211140.9,tripura,2021,1
3256,Merchant payments,350366,333743281.3,tripura,2021,1
3257,Financial Services,3146,2879929.223,tripura,2021,1
3258,Others,5827,4281067.764,tripura,2021,1
3259,Peer-to-peer payments,703728,2865655130,tripura,2021,2
3260,Recharge & bill payments,589839,189808502.9,tripura,2021,2
3261,Merchant payments,440060,404915546.5,tripura,2021,2
3262,Financial Services,3656,3503925.338,tripura,2021,2
3263,Others,7146,4271255.844,tripura,2021,2
3264,Peer-to-peer payments,864329,3491901741,tripura,2021,3
3265,Recharge & bill payments,620991,215226019.6,tripura,2021,3
3266,Merchant payments,584079,648504775.6,tripura,2021,3
3267,Financial Services,2886,3473153.088,tripura,2021,3
3268,Others,8915,5028078.735,tripura,2021,3
3269,Peer-to-peer payments,1060915,4368786747,tripura,2021,4
3270,Merchant payments,793636,874005407.7,tripura,2021,4
3271,Recharge & bill payments,650251,241225282.1,tripura,2021,4
3272,Financial Services,3635,5073898.608,tripura,2021,4
3273,Others,12256,7838128.8,tripura,2021,4
3274,Peer-to-peer payments,1221863,4934712034,tripura,2022,1
3275,Merchant payments,992891,1037265263,tripura,2022,1
3276,Recharge & bill payments,641170,262348231,tripura,2022,1
3277,Financial Services,4351,5782533.242,tripura,2022,1
3278,Others,10915,7221703.09,tripura,2022,1
3279,Peer-to-peer payments,1443647,5354182194,tripura,2022,2
3280,Merchant payments,1322009,1235804020,tripura,2022,2
3281,Recharge & bill payments,638643,278018856.2,tripura,2022,2
3282,Financial Services,3812,4533635.769,tripura,2022,2
3283,Others,10553,5732336.736,tripura,2022,2
3284,Peer-to-peer payments,1836678,6718925839,tripura,2022,3
3285,Merchant payments,1660497,1589078400,tripura,2022,3
3286,Recharge & bill payments,745382,329401812.4,tripura,2022,3
3287,Financial Services,4343,5330626.12,tripura,2022,3
3288,Others,9679,5616127.068,tripura,2022,3
3289,Peer-to-peer payments,2252390,8142233538,tripura,2022,4
3290,Merchant payments,2054988,1925282619,tripura,2022,4
3291,Recharge & bill payments,874800,373875271.2,tripura,2022,4
3292,Financial Services,5787,5028488.555,tripura,2022,4
3293,Others,10225,6551901.176,tripura,2022,4
3294,Recharge & bill payments,7003704,1201827544,uttar-pradesh,2018,1
3295,Peer-to-peer payments,4123625,11786969149,uttar-pradesh,2018,1
3296,Merchant payments,442436,428301434.3,uttar-pradesh,2018,1
3297,Financial Services,397328,75150444.99,uttar-pradesh,2018,1
3298,Others,570712,447722351.3,uttar-pradesh,2018,1
3299,Recharge & bill payments,9232131,2044535461,uttar-pradesh,2018,2
3300,Peer-to-peer payments,6484369,22197440016,uttar-pradesh,2018,2
3301,Merchant payments,909545,799920463.3,uttar-pradesh,2018,2
3302,Financial Services,563213,105536911.8,uttar-pradesh,2018,2
3303,Others,521685,572768843.2,uttar-pradesh,2018,2
3304,Peer-to-peer payments,13828768,32944051607,uttar-pradesh,2018,3
3305,Recharge & bill payments,9140873,2485029063,uttar-pradesh,2018,3
3306,Merchant payments,2397448,1012726185,uttar-pradesh,2018,3
3307,Financial Services,603303,76605144.66,uttar-pradesh,2018,3
3308,Others,544964,493702369.6,uttar-pradesh,2018,3
3309,Peer-to-peer payments,15804910,48836291124,uttar-pradesh,2018,4
3310,Recharge & bill payments,11976808,3040717447,uttar-pradesh,2018,4
3311,Merchant payments,6953857,2480267671,uttar-pradesh,2018,4
3312,Financial Services,517619,76250539.86,uttar-pradesh,2018,4
3313,Others,847573,663216794.2,uttar-pradesh,2018,4
3314,Peer-to-peer payments,32062452,68506766330,uttar-pradesh,2019,1
3315,Recharge & bill payments,15400713,4231102033,uttar-pradesh,2019,1
3316,Merchant payments,8558766,3105904146,uttar-pradesh,2019,1
3317,Financial Services,389733,43341558.49,uttar-pradesh,2019,1
3318,Others,912840,637066065.9,uttar-pradesh,2019,1
3319,Peer-to-peer payments,27105049,87581482659,uttar-pradesh,2019,2
3320,Recharge & bill payments,17551537,5627886176,uttar-pradesh,2019,2
3321,Merchant payments,12733089,4894223107,uttar-pradesh,2019,2
3322,Financial Services,264091,38169259.95,uttar-pradesh,2019,2
3323,Others,1229734,775758168.4,uttar-pradesh,2019,2
3324,Peer-to-peer payments,26990786,95134023864,uttar-pradesh,2019,3
3325,Recharge & bill payments,20359672,8000160943,uttar-pradesh,2019,3
3326,Merchant payments,19625935,7399443975,uttar-pradesh,2019,3
3327,Financial Services,258548,51363215.15,uttar-pradesh,2019,3
3328,Others,1389018,683145478.1,uttar-pradesh,2019,3
3329,Peer-to-peer payments,40540310,1.26565E+11,uttar-pradesh,2019,4
3330,Recharge & bill payments,24299776,9082140370,uttar-pradesh,2019,4
3331,Merchant payments,20582052,9412924985,uttar-pradesh,2019,4
3332,Financial Services,242936,45686806.83,uttar-pradesh,2019,4
3333,Others,1239931,433285937.6,uttar-pradesh,2019,4
3334,Peer-to-peer payments,39581157,1.47735E+11,uttar-pradesh,2020,1
3335,Recharge & bill payments,29777603,11168417431,uttar-pradesh,2020,1
3336,Merchant payments,26741638,13072371617,uttar-pradesh,2020,1
3337,Financial Services,139990,64365117.41,uttar-pradesh,2020,1
3338,Others,998744,376573949.2,uttar-pradesh,2020,1
3339,Recharge & bill payments,42229417,14668026056,uttar-pradesh,2020,2
3340,Peer-to-peer payments,39434202,1.5008E+11,uttar-pradesh,2020,2
3341,Merchant payments,18625913,13655151083,uttar-pradesh,2020,2
3342,Financial Services,150360,131930242.9,uttar-pradesh,2020,2
3343,Others,412073,209384339.6,uttar-pradesh,2020,2
3344,Peer-to-peer payments,54449911,2.07531E+11,uttar-pradesh,2020,3
3345,Recharge & bill payments,37465163,16437365641,uttar-pradesh,2020,3
3346,Merchant payments,34697942,24224433241,uttar-pradesh,2020,3
3347,Financial Services,206210,194129227.5,uttar-pradesh,2020,3
3348,Others,586033,303114557.1,uttar-pradesh,2020,3
3349,Peer-to-peer payments,75433782,2.94401E+11,uttar-pradesh,2020,4
3350,Merchant payments,61922138,44438824681,uttar-pradesh,2020,4
3351,Recharge & bill payments,39570153,17793973969,uttar-pradesh,2020,4
3352,Financial Services,246868,255803306.1,uttar-pradesh,2020,4
3353,Others,994576,539071475.9,uttar-pradesh,2020,4
3354,Peer-to-peer payments,85539321,3.2161E+11,uttar-pradesh,2021,1
3355,Merchant payments,78873969,55362244381,uttar-pradesh,2021,1
3356,Recharge & bill payments,38981894,18563189222,uttar-pradesh,2021,1
3357,Financial Services,250656,266104783.7,uttar-pradesh,2021,1
3358,Others,853707,486435811.4,uttar-pradesh,2021,1
3359,Peer-to-peer payments,102927942,3.88762E+11,uttar-pradesh,2021,2
3360,Merchant payments,84860582,70351401160,uttar-pradesh,2021,2
3361,Recharge & bill payments,53030710,22266927129,uttar-pradesh,2021,2
3362,Financial Services,270944,266853066.8,uttar-pradesh,2021,2
3363,Others,858953,525487682.6,uttar-pradesh,2021,2
3364,Peer-to-peer payments,127945827,4.40727E+11,uttar-pradesh,2021,3
3365,Merchant payments,126699830,91089049637,uttar-pradesh,2021,3
3366,Recharge & bill payments,50414232,24348150110,uttar-pradesh,2021,3
3367,Financial Services,253418,292009129,uttar-pradesh,2021,3
3368,Others,1230077,624716522.1,uttar-pradesh,2021,3
3369,Merchant payments,183966052,1.42889E+11,uttar-pradesh,2021,4
3370,Peer-to-peer payments,167503176,6.00974E+11,uttar-pradesh,2021,4
3371,Recharge & bill payments,52863531,28812549098,uttar-pradesh,2021,4
3372,Financial Services,353219,386356976.5,uttar-pradesh,2021,4
3373,Others,1471954,829152405.3,uttar-pradesh,2021,4
3374,Merchant payments,221556930,1.65544E+11,uttar-pradesh,2022,1
3375,Peer-to-peer payments,195592648,6.84759E+11,uttar-pradesh,2022,1
3376,Recharge & bill payments,54873261,31683813998,uttar-pradesh,2022,1
3377,Financial Services,358499,386218170.6,uttar-pradesh,2022,1
3378,Others,1571908,750327356.1,uttar-pradesh,2022,1
3379,Merchant payments,298721048,2.16176E+11,uttar-pradesh,2022,2
3380,Peer-to-peer payments,232444860,8.12579E+11,uttar-pradesh,2022,2
3381,Recharge & bill payments,62659780,37867966759,uttar-pradesh,2022,2
3382,Financial Services,268349,285646084.3,uttar-pradesh,2022,2
3383,Others,1204739,606123265.1,uttar-pradesh,2022,2
3384,Merchant payments,361972506,2.32006E+11,uttar-pradesh,2022,3
3385,Peer-to-peer payments,267205027,8.44564E+11,uttar-pradesh,2022,3
3386,Recharge & bill payments,72984811,43854148173,uttar-pradesh,2022,3
3387,Financial Services,367887,344330142.1,uttar-pradesh,2022,3
3388,Others,1058841,601411350.4,uttar-pradesh,2022,3
3389,Merchant payments,439247166,2.96782E+11,uttar-pradesh,2022,4
3390,Peer-to-peer payments,317613698,1.03035E+12,uttar-pradesh,2022,4
3391,Recharge & bill payments,78025017,48159073835,uttar-pradesh,2022,4
3392,Financial Services,418329,430212917.3,uttar-pradesh,2022,4
3393,Others,1064861,661985014.8,uttar-pradesh,2022,4
3394,Recharge & bill payments,730428,124377517.3,uttarakhand,2018,1
3395,Peer-to-peer payments,399545,1296603346,uttarakhand,2018,1
3396,Merchant payments,35382,39372913.1,uttarakhand,2018,1
3397,Financial Services,27761,5637758.556,uttarakhand,2018,1
3398,Others,53569,42553823.19,uttarakhand,2018,1
3399,Recharge & bill payments,946332,193802092.8,uttarakhand,2018,2
3400,Peer-to-peer payments,620490,2358941865,uttarakhand,2018,2
3401,Merchant payments,60494,66946005.76,uttarakhand,2018,2
3402,Financial Services,29919,7913276.779,uttarakhand,2018,2
3403,Others,46887,52152138.42,uttarakhand,2018,2
3404,Peer-to-peer payments,1049725,3356030295,uttarakhand,2018,3
3405,Recharge & bill payments,1004356,239244556.8,uttarakhand,2018,3
3406,Merchant payments,112342,84447374.87,uttarakhand,2018,3
3407,Financial Services,22792,4334709.91,uttarakhand,2018,3
3408,Others,39917,42516103.39,uttarakhand,2018,3
3409,Peer-to-peer payments,1556731,5072621132,uttarakhand,2018,4
3410,Recharge & bill payments,1252124,292877734.3,uttarakhand,2018,4
3411,Merchant payments,289733,228453045.9,uttarakhand,2018,4
3412,Financial Services,29916,6035161.099,uttarakhand,2018,4
3413,Others,50257,54285064.33,uttarakhand,2018,4
3414,Peer-to-peer payments,3499130,6512361464,uttarakhand,2019,1
3415,Recharge & bill payments,1590269,394631055.7,uttarakhand,2019,1
3416,Merchant payments,372290,226281078.8,uttarakhand,2019,1
3417,Financial Services,28784,3951610.305,uttarakhand,2019,1
3418,Others,55528,46303966.01,uttarakhand,2019,1
3419,Peer-to-peer payments,2383662,7752954671,uttarakhand,2019,2
3420,Recharge & bill payments,1616176,454962951.9,uttarakhand,2019,2
3421,Merchant payments,721858,323876953.4,uttarakhand,2019,2
3422,Financial Services,21852,2550386.477,uttarakhand,2019,2
3423,Others,69727,54187888.54,uttarakhand,2019,2
3424,Peer-to-peer payments,2313544,8512622076,uttarakhand,2019,3
3425,Recharge & bill payments,2201606,683772297,uttarakhand,2019,3
3426,Merchant payments,1121052,480794827.1,uttarakhand,2019,3
3427,Financial Services,12119,4570326.192,uttarakhand,2019,3
3428,Others,62155,47272543.29,uttarakhand,2019,3
3429,Peer-to-peer payments,3210116,11020339547,uttarakhand,2019,4
3430,Recharge & bill payments,2547173,817728111.5,uttarakhand,2019,4
3431,Merchant payments,1542944,701746516.9,uttarakhand,2019,4
3432,Financial Services,11585,3555524.377,uttarakhand,2019,4
3433,Others,50298,30336605.84,uttarakhand,2019,4
3434,Peer-to-peer payments,3792776,13999676597,uttarakhand,2020,1
3435,Recharge & bill payments,2990764,1028598924,uttarakhand,2020,1
3436,Merchant payments,2289657,1094245197,uttarakhand,2020,1
3437,Financial Services,10246,8180881.809,uttarakhand,2020,1
3438,Others,48341,27378658.63,uttarakhand,2020,1
3439,Recharge & bill payments,3755695,1303523585,uttarakhand,2020,2
3440,Peer-to-peer payments,3656029,13572964170,uttarakhand,2020,2
3441,Merchant payments,1587042,1181497493,uttarakhand,2020,2
3442,Financial Services,15023,17612288.06,uttarakhand,2020,2
3443,Others,33981,18590166.38,uttarakhand,2020,2
3444,Peer-to-peer payments,4836512,18377468807,uttarakhand,2020,3
3445,Recharge & bill payments,3751993,1509373288,uttarakhand,2020,3
3446,Merchant payments,3164623,2166776520,uttarakhand,2020,3
3447,Financial Services,20455,26449980.58,uttarakhand,2020,3
3448,Others,45352,23442372.42,uttarakhand,2020,3
3449,Peer-to-peer payments,6748183,25748737002,uttarakhand,2020,4
3450,Merchant payments,6629201,4274032857,uttarakhand,2020,4
3451,Recharge & bill payments,4140391,1697819951,uttarakhand,2020,4
3452,Financial Services,27120,29791064.76,uttarakhand,2020,4
3453,Others,68376,42358455.01,uttarakhand,2020,4
3454,Merchant payments,8393767,5283142247,uttarakhand,2021,1
3455,Peer-to-peer payments,7981710,29202365443,uttarakhand,2021,1
3456,Recharge & bill payments,4146569,1727960484,uttarakhand,2021,1
3457,Financial Services,30208,38400864,uttarakhand,2021,1
3458,Others,56148,36320362.17,uttarakhand,2021,1
3459,Peer-to-peer payments,9374939,32674145244,uttarakhand,2021,2
3460,Merchant payments,9134389,6257528832,uttarakhand,2021,2
3461,Recharge & bill payments,5388285,1979824049,uttarakhand,2021,2
3462,Financial Services,31497,35404991.87,uttarakhand,2021,2
3463,Others,71322,43914757.7,uttarakhand,2021,2
3464,Merchant payments,13673085,9001414756,uttarakhand,2021,3
3465,Peer-to-peer payments,11867174,39256650720,uttarakhand,2021,3
3466,Recharge & bill payments,5388011,2182554095,uttarakhand,2021,3
3467,Financial Services,27839,38013969.98,uttarakhand,2021,3
3468,Others,86175,48863242.23,uttarakhand,2021,3
3469,Merchant payments,19850878,13515464698,uttarakhand,2021,4
3470,Peer-to-peer payments,14819203,49969580473,uttarakhand,2021,4
3471,Recharge & bill payments,5536262,2540546090,uttarakhand,2021,4
3472,Financial Services,38764,51212042.38,uttarakhand,2021,4
3473,Others,116173,71304856.18,uttarakhand,2021,4
3474,Merchant payments,22595602,14585438346,uttarakhand,2022,1
3475,Peer-to-peer payments,16201632,53535521439,uttarakhand,2022,1
3476,Recharge & bill payments,5617605,2745987928,uttarakhand,2022,1
3477,Financial Services,39033,49695999.72,uttarakhand,2022,1
3478,Others,106900,62138787.24,uttarakhand,2022,1
3479,Merchant payments,32087670,19479185362,uttarakhand,2022,2
3480,Peer-to-peer payments,19677409,65563901300,uttarakhand,2022,2
3481,Recharge & bill payments,6263098,3174160698,uttarakhand,2022,2
3482,Financial Services,32284,37217548.79,uttarakhand,2022,2
3483,Others,106417,58906116.08,uttarakhand,2022,2
3484,Merchant payments,35069444,20528059274,uttarakhand,2022,3
3485,Peer-to-peer payments,22031045,68377272373,uttarakhand,2022,3
3486,Recharge & bill payments,6765699,3633710469,uttarakhand,2022,3
3487,Financial Services,38061,44669245.27,uttarakhand,2022,3
3488,Others,92270,57548577.44,uttarakhand,2022,3
3489,Merchant payments,43185705,26026949674,uttarakhand,2022,4
3490,Peer-to-peer payments,27043038,85220041975,uttarakhand,2022,4
3491,Recharge & bill payments,7610775,4128624165,uttarakhand,2022,4
3492,Financial Services,44569,55762460.39,uttarakhand,2022,4
3493,Others,99793,64668557.39,uttarakhand,2022,4
3494,Recharge & bill payments,5773831,964309486,west-bengal,2018,1
3495,Peer-to-peer payments,4383075,8874266826,west-bengal,2018,1
3496,Financial Services,665171,119502271.7,west-bengal,2018,1
3497,Merchant payments,443378,366788699.7,west-bengal,2018,1
3498,Others,444770,301111268.9,west-bengal,2018,1
3499,Peer-to-peer payments,8284944,15889890047,west-bengal,2018,2
3500,Recharge & bill payments,7360522,1563841174,west-bengal,2018,2
3501,Financial Services,1121570,160809685.9,west-bengal,2018,2
3502,Merchant payments,937608,715914360.8,west-bengal,2018,2
3503,Others,377802,298728202.7,west-bengal,2018,2
3504,Peer-to-peer payments,41882429,38439798815,west-bengal,2018,3
3505,Recharge & bill payments,7596315,1992473341,west-bengal,2018,3
3506,Merchant payments,2252265,979603555.1,west-bengal,2018,3
3507,Financial Services,1619524,185187032.9,west-bengal,2018,3
3508,Others,354883,246871438.6,west-bengal,2018,3
3509,Peer-to-peer payments,17154995,35303180047,west-bengal,2018,4
3510,Recharge & bill payments,9425082,2467741143,west-bengal,2018,4
3511,Merchant payments,8633569,2294203497,west-bengal,2018,4
3512,Financial Services,734796,93755616.52,west-bengal,2018,4
3513,Others,565106,330738908.2,west-bengal,2018,4
3514,Peer-to-peer payments,27374206,44170923882,west-bengal,2019,1
3515,Recharge & bill payments,11659948,3021107712,west-bengal,2019,1
3516,Merchant payments,7636726,2645438308,west-bengal,2019,1
3517,Financial Services,525650,47986448.47,west-bengal,2019,1
3518,Others,429858,279216273.4,west-bengal,2019,1
3519,Peer-to-peer payments,20285958,48394974398,west-bengal,2019,2
3520,Merchant payments,13646142,4657258459,west-bengal,2019,2
3521,Recharge & bill payments,12129638,3676123279,west-bengal,2019,2
3522,Financial Services,421037,45646046.99,west-bengal,2019,2
3523,Others,540760,331688935.2,west-bengal,2019,2
3524,Merchant payments,30804036,8273187167,west-bengal,2019,3
3525,Peer-to-peer payments,21522913,57058405341,west-bengal,2019,3
3526,Recharge & bill payments,13011501,4832486822,west-bengal,2019,3
3527,Financial Services,558653,57054414.84,west-bengal,2019,3
3528,Others,547726,319398871.5,west-bengal,2019,3
3529,Peer-to-peer payments,67037576,76593333398,west-bengal,2019,4
3530,Recharge & bill payments,14511711,4859794690,west-bengal,2019,4
3531,Merchant payments,14187744,6477138701,west-bengal,2019,4
3532,Financial Services,653648,77047243.73,west-bengal,2019,4
3533,Others,415159,196296222.3,west-bengal,2019,4
3534,Peer-to-peer payments,28457404,82770282624,west-bengal,2020,1
3535,Merchant payments,19779392,8097859089,west-bengal,2020,1
3536,Recharge & bill payments,17448908,5550815440,west-bengal,2020,1
3537,Financial Services,210068,58280893.55,west-bengal,2020,1
3538,Others,354609,176067145.3,west-bengal,2020,1
3539,Peer-to-peer payments,24855687,84984004331,west-bengal,2020,2
3540,Recharge & bill payments,22220012,7496845562,west-bengal,2020,2
3541,Merchant payments,10225729,7404190138,west-bengal,2020,2
3542,Financial Services,130595,89987205.23,west-bengal,2020,2
3543,Others,244774,124404641.8,west-bengal,2020,2
3544,Peer-to-peer payments,37556349,1.33121E+11,west-bengal,2020,3
3545,Recharge & bill payments,22284079,8768630923,west-bengal,2020,3
3546,Merchant payments,19599024,14614394375,west-bengal,2020,3
3547,Financial Services,151996,125973420.9,west-bengal,2020,3
3548,Others,363056,183680984.1,west-bengal,2020,3
3549,Peer-to-peer payments,46437233,1.66392E+11,west-bengal,2020,4
3550,Merchant payments,30077510,22241302941,west-bengal,2020,4
3551,Recharge & bill payments,23158305,10074605883,west-bengal,2020,4
3552,Financial Services,178455,164241191.7,west-bengal,2020,4
3553,Others,489142,293466753.6,west-bengal,2020,4
3554,Peer-to-peer payments,53869075,2.0224E+11,west-bengal,2021,1
3555,Merchant payments,37143701,28918343691,west-bengal,2021,1
3556,Recharge & bill payments,26673733,11339665945,west-bengal,2021,1
3557,Financial Services,166727,175445811.9,west-bengal,2021,1
3558,Others,400816,263502545.1,west-bengal,2021,1
3559,Peer-to-peer payments,64661051,2.30812E+11,west-bengal,2021,2
3560,Merchant payments,41696787,34787867208,west-bengal,2021,2
3561,Recharge & bill payments,34799709,13331453858,west-bengal,2021,2
3562,Financial Services,190537,186466487.6,west-bengal,2021,2
3563,Others,549353,316744715.7,west-bengal,2021,2
3564,Peer-to-peer payments,84353949,2.948E+11,west-bengal,2021,3
3565,Merchant payments,58800005,50971169851,west-bengal,2021,3
3566,Recharge & bill payments,37556310,16045754099,west-bengal,2021,3
3567,Financial Services,189087,213411736.4,west-bengal,2021,3
3568,Others,813637,426999219.4,west-bengal,2021,3
3569,Peer-to-peer payments,105728377,3.72241E+11,west-bengal,2021,4
3570,Merchant payments,80248673,71231577539,west-bengal,2021,4
3571,Recharge & bill payments,37801439,17813903245,west-bengal,2021,4
3572,Financial Services,252535,270791056.7,west-bengal,2021,4
3573,Others,998536,660874216.5,west-bengal,2021,4
3574,Peer-to-peer payments,124787028,4.46344E+11,west-bengal,2022,1
3575,Merchant payments,97315025,85854730616,west-bengal,2022,1
3576,Recharge & bill payments,37317865,18435424278,west-bengal,2022,1
3577,Financial Services,239530,261096608.8,west-bengal,2022,1
3578,Others,845644,531671268.6,west-bengal,2022,1
3579,Peer-to-peer payments,145395450,5.20191E+11,west-bengal,2022,2
3580,Merchant payments,126682135,1.07049E+11,west-bengal,2022,2
3581,Recharge & bill payments,42712193,20697301165,west-bengal,2022,2
3582,Financial Services,191724,199770753.2,west-bengal,2022,2
3583,Others,760639,438407071.9,west-bengal,2022,2
3584,Peer-to-peer payments,163523844,5.56258E+11,west-bengal,2022,3
3585,Merchant payments,145181044,1.23577E+11,west-bengal,2022,3
3586,Recharge & bill payments,47208496,24221425247,west-bengal,2022,3
3587,Financial Services,238746,241288774.2,west-bengal,2022,3
3588,Others,640258,451918188.2,west-bengal,2022,3
3589,Peer-to-peer payments,184380244,6.20222E+11,west-bengal,2022,4
3590,Merchant payments,171667404,1.40808E+11,west-bengal,2022,4
3591,Recharge & bill payments,48921147,26026633153,west-bengal,2022,4
3592,Financial Services,268388,261122865.5,west-bengal,2022,4
3593,Others,610414,457937874.8,west-bengal,2022,4
